0.6380901336669922
0.6658322811126709
0.6142288446426392
0.5822257399559021
0.6060231924057007
0.5917114615440369
0.5587692856788635
0.5796865224838257
0.6340932846069336
0.6047447919845581
0.7020276784896851
0.5413355827331543
0.5271658897399902
0.5207368731498718
0.5195886492729187
0.48425784707069397
0.46483829617500305
0.46973586082458496
0.509255588054657
0.43506893515586853
0.7378898859024048
0.393464595079422
0.7560510039329529
0.7392987608909607
0.42096418142318726
0.4123770594596863
0.3795798420906067
0.7635337710380554
0.4030369520187378
0.36531487107276917
0.4069425165653229
0.7817966938018799
0.7836288809776306
0.8206143379211426
0.37817615270614624
0.7799704074859619
0.3507692813873291
0.882024884223938
0.3409518599510193
0.3258817791938782
0.8319594264030457
0.47309279441833496
0.32981863617897034
0.796719491481781
0.33768486976623535
0.3494258522987366
0.3470483124256134
1.326531171798706
0.4086099863052368
0.8632871508598328
0.35582664608955383
0.33547961711883545
0.8385475873947144
0.2738766670227051
0.3217810094356537
0.3176320791244507
0.3191530108451843
0.8355379104614258
0.3412490487098694
0.30302324891090393
0.8334380984306335
0.30387139320373535
0.7258261442184448
0.8757021427154541
0.2898772358894348
0.3235147297382355
0.24233809113502502
0.3034949004650116
0.30613499879837036
0.8250097036361694
0.2645109295845032
0.27634379267692566
0.23667238652706146
0.833640992641449
0.2525333762168884
0.8721655011177063
0.2807374894618988
0.2927420139312744
0.26189711689949036
0.2732487916946411
0.8229972720146179
0.2571714222431183
0.8942752480506897
0.2386433482170105
0.24272453784942627
0.2215820550918579
0.24936148524284363
0.23967702686786652
0.2225298285484314
0.8307247161865234
0.2828032970428467
0.8768579363822937
0.2534691095352173
0.23922884464263916
0.20844900608062744
0.2658224105834961
1.605057954788208
0.22948184609413147
0.24853181838989258
0.23540306091308594
0.27479153871536255
0.21167264878749847
0.955662727355957
0.2191862165927887
0.21789032220840454
0.2262338399887085
0.24476246535778046
0.17294403910636902
0.2127152383327484
0.18321050703525543
0.2078077793121338
0.9916427731513977
0.9362861514091492
1.7861759662628174
0.9245715737342834
0.2178986668586731
0.20131614804267883
0.19934400916099548
0.8567788004875183
0.9034217000007629
0.19556093215942383
0.22342586517333984
0.21175482869148254
0.218275249004364
0.2873079180717468
1.6161259412765503
0.225162535905838
0.23056742548942566
0.2227470874786377
0.2097829282283783
0.23735962808132172
0.20705477893352509
0.2398742437362671
0.18861070275306702
0.907951831817627
0.20466455817222595
0.2153664231300354
0.18298770487308502
0.21293435990810394
0.19165772199630737
0.21139481663703918
0.21395978331565857
0.18519452214241028
0.19693045318126678
0.22190290689468384
0.15617585182189941
0.9561723470687866
0.21304601430892944
0.18608435988426208
0.20220959186553955
0.21735116839408875
0.9100399613380432
0.2002178430557251
0.14102251827716827
0.9489278197288513
0.1942334622144699
0.15649214386940002
0.16490590572357178
0.12420910596847534
0.1497819572687149
0.17242778837680817
0.15010491013526917
0.16171254217624664
1.003029227256775
0.229937344789505
1.016371726989746
0.1645585298538208
0.14555449783802032
0.14713674783706665
0.1323746293783188
0.15598954260349274
0.17159569263458252
1.0938907861709595
0.1527388095855713
0.1735846996307373
0.16097700595855713
0.17441286146640778
0.1300494372844696
1.166107177734375
0.15012839436531067
0.13569331169128418
0.12035864591598511
1.041676640510559
0.15354089438915253
1.006597638130188
2.2363951206207275
1.1261590719223022
0.1373416930437088
0.131967231631279
1.9218816757202148
0.14256687462329865
0.15788458287715912
0.15114207565784454
0.9700614213943481
0.20506522059440613
0.13044705986976624
0.14190427958965302
0.1547412872314453
0.16001826524734497
0.13967931270599365
0.17580927908420563
0.16310963034629822
0.1530192643404007
0.14104211330413818
0.1495213508605957
1.1935635805130005
1.0819450616836548
1.9808087348937988
0.13684281706809998
0.14003585278987885
0.17040739953517914
0.17454099655151367
0.1612437665462494
1.0646270513534546
1.0312221050262451
1.1336735486984253
0.14498820900917053
0.9668886661529541
0.1455848217010498
0.191768079996109
0.16220034658908844
1.0825637578964233
0.3252958059310913
0.19581124186515808
0.18478262424468994
0.1642564833164215
0.15297934412956238
1.0979602336883545
0.16594435274600983
0.17423909902572632
0.14451292157173157
0.1911703497171402
0.14326107501983643
0.21917174756526947
0.15237891674041748
0.17066799104213715
0.16353999078273773
0.18222182989120483
0.14520516991615295
1.0973434448242188
0.16293498873710632
0.14817661046981812
0.18376855552196503
1.1416122913360596
0.17137902975082397
0.14260363578796387
0.14742213487625122
0.1891815960407257
0.1701841652393341
1.0983953475952148
1.0434225797653198
0.13681571185588837
0.15901458263397217
0.12965412437915802
0.1594412624835968
0.1663837879896164
1.1862130165100098
0.16184698045253754
0.12002171576023102
1.073525309562683
0.14471960067749023
0.9967992305755615
0.15268370509147644
1.1070307493209839
1.1763265132904053
0.1490776538848877
0.14307767152786255
0.14486470818519592
0.14354988932609558
0.9837622046470642
0.3123090863227844
0.9821376800537109
0.12872730195522308
0.1588394045829773
0.12070965021848679
0.1540907621383667
0.15514440834522247
0.15739566087722778
0.15143102407455444
0.15299832820892334
0.1616828739643097
0.1556975543498993
0.12715542316436768
0.1365579515695572
0.14578691124916077
1.1010069847106934
0.10805520415306091
0.13353359699249268
1.1036031246185303
1.0179449319839478
0.1479203999042511
1.100325584411621
0.15715469419956207
1.0075931549072266
0.1279180496931076
2.0625782012939453
1.9076881408691406
0.13330569863319397
0.1724291741847992
0.1437288075685501
0.9924632906913757
1.1091444492340088
0.15590089559555054
0.1657678484916687
0.15829072892665863
0.14915509521961212
0.21495798230171204
0.17254206538200378
0.18230825662612915
0.151018425822258
0.1630932092666626
0.1559138298034668
0.9303821325302124
0.17601221799850464
0.15626844763755798
2.049203872680664
0.16108441352844238
0.17876020073890686
1.8779850006103516
0.1596536934375763
2.010573387145996
0.15681248903274536
0.30582788586616516
0.17604978382587433
0.15411636233329773
0.9861934185028076
0.1885986626148224
0.2072884440422058
0.9184672832489014
0.18558868765830994
0.836043119430542
0.9978857040405273
0.9928387403488159
0.22362162172794342
0.17763575911521912
0.27653050422668457
0.17515268921852112
0.9613950848579407
0.15993466973304749
0.21613815426826477
1.0611339807510376
0.9704325199127197
0.15089130401611328
0.983595609664917
0.9434260129928589
0.913146436214447
0.23033790290355682
0.1908278465270996
0.9897893071174622
0.19646944105625153
0.9087599515914917
0.19479843974113464
0.8999513387680054
0.1476723551750183
0.21134641766548157
0.1930122673511505
0.18240557610988617
0.19804784655570984
0.9646045565605164
0.21837951242923737
0.19191738963127136
0.18008729815483093
0.2167603075504303
0.16345417499542236
0.8605207204818726
0.20661863684654236
0.18081967532634735
0.8111811876296997
0.8911349773406982
0.18229371309280396
0.17147989571094513
0.19504687190055847
1.8549680709838867
0.9479689598083496
0.22002670168876648
0.204961359500885
0.1972130835056305
0.19481131434440613
0.22818523645401
0.1858987659215927
0.8600106239318848
0.2335580587387085
0.19034333527088165
0.9687139987945557
0.2185140699148178
0.9450749158859253
0.17654094099998474
1.7095547914505005
1.0075608491897583
0.1912662386894226
0.226150244474411
0.935801088809967
0.2548868954181671
0.25427865982055664
0.19048744440078735
0.24781814217567444
0.9346084594726562
0.1735379695892334
0.17455166578292847
0.2016361653804779
0.9469243288040161
0.16599583625793457
0.18497705459594727
0.23436200618743896
0.16947686672210693
0.8227660059928894
0.17881593108177185
0.2089424729347229
0.20288336277008057
1.6952136754989624
1.056679129600525
0.2127881795167923
0.1880365014076233
1.7582488059997559
0.20341920852661133
0.1708008199930191
0.9772518277168274
0.27135205268859863
0.21486517786979675
0.8538227081298828
0.2573837339878082
0.225318044424057
0.8600018620491028
0.20873144268989563
0.22442099452018738
0.24305091798305511
0.20920079946517944
0.20345239341259003
0.9056018590927124
0.21373015642166138
0.7378472089767456
0.24941280484199524
0.9201149940490723
0.22454619407653809
0.2354964315891266
0.8974410891532898
0.1777159422636032
0.23001939058303833
0.9114282131195068
0.8732107877731323
0.1919175237417221
0.8749191761016846
0.17416566610336304
0.18535104393959045
0.1371382772922516
1.751200556755066
0.21672111749649048
0.18987400829792023
0.20234361290931702
0.21488448977470398
1.7164428234100342
0.18930137157440186
0.9299666881561279
0.9061707258224487
0.21315398812294006
0.1981915384531021
0.2484838366508484
0.22382241487503052
0.220780611038208
0.7925348281860352
0.19611559808254242
0.23101994395256042
0.21414579451084137
1.5160701274871826
1.445626974105835
0.19346535205841064
0.17549607157707214
0.23960082232952118
0.2308562994003296
0.2124972641468048
1.0389662981033325
0.21403971314430237
0.22946476936340332
1.6431677341461182
0.1868971288204193
0.991302490234375
0.8711434006690979
0.9419999718666077
0.9917463660240173
0.8595311641693115
1.006034255027771
0.9147740602493286
0.9383859634399414
0.24034759402275085
0.2519436180591583
0.9869071245193481
0.2525801956653595
0.23478691279888153
0.8659413456916809
0.23023103177547455
0.23472324013710022
0.278323233127594
0.9030503034591675
0.20603227615356445
0.2177695780992508
0.27035391330718994
0.7423644661903381
0.2552052438259125
0.2525825500488281
0.2074691653251648
0.24958643317222595
1.4063022136688232
0.8847223520278931
0.2565288245677948
0.2177419513463974
0.2858840227127075
0.2606467604637146
0.22748985886573792
0.8644692301750183
0.3751199245452881
0.2192273736000061
0.21846479177474976
0.15142083168029785
0.1931176334619522
0.2040855437517166
0.24490085244178772
0.2106790393590927
0.21025651693344116
0.27494001388549805
0.26944488286972046
0.246718168258667
0.8564733862876892
0.2443062961101532
0.18622258305549622
0.9443016648292542
0.8749740719795227
0.2062549591064453
0.2285843789577484
0.8651830554008484
1.030975580215454
0.2034388780593872
0.16107773780822754
0.21111303567886353
0.8221776485443115
0.9082359671592712
0.16578680276870728
0.222296804189682
0.21965302526950836
0.1615993082523346
0.19208401441574097
0.8669732213020325
0.9990927577018738
0.1980511099100113
0.23318475484848022
1.008480429649353
0.1884070485830307
0.2640394866466522
0.18754148483276367
0.1625930666923523
0.7877641916275024
0.1753872185945511
0.8961963057518005
0.2556558847427368
0.18842676281929016
1.5902918577194214
0.20377284288406372
0.1623772382736206
1.0958718061447144
0.19940200448036194
0.176963210105896
0.24086254835128784
0.20825433731079102
0.8445583581924438
0.16798743605613708
0.22685983777046204
0.23294860124588013
1.0691275596618652
0.935699462890625
0.13564059138298035
0.24602985382080078
0.1917884796857834
0.19221711158752441
1.7084856033325195
0.1995091289281845
0.2034507393836975
0.2034488022327423
0.16876603662967682
0.24716240167617798
0.9176700115203857
0.2233974039554596
0.19543346762657166
0.9591736793518066
0.16711699962615967
0.9683153629302979
0.9948259592056274
0.18225938081741333
0.9478622674942017
0.16825416684150696
0.14745724201202393
0.2089642733335495
0.9133736491203308
0.9744549989700317
0.23611262440681458
0.7259002327919006
0.9302754998207092
0.19416576623916626
0.22962427139282227
0.19948294758796692
0.2241763174533844
0.17892885208129883
0.20073086023330688
1.532333254814148
0.19082099199295044
0.2188030481338501
0.17920656502246857
0.18063116073608398
0.20316237211227417
1.7937487363815308
0.21474438905715942
0.19793374836444855
0.2020949423313141
0.19841688871383667
0.16794687509536743
0.7532551884651184
0.914290726184845
1.0160456895828247
0.1826454997062683
0.17354577779769897
0.20139634609222412
1.0417113304138184
0.20422790944576263
0.22110769152641296
0.8252495527267456
0.19038188457489014
1.7404602766036987
0.21437841653823853
0.19069775938987732
0.9161692261695862
1.6645424365997314
1.0676809549331665
0.2957492470741272
1.0201281309127808
0.9095255732536316
1.0081897974014282
0.9621303081512451
0.8342533111572266
0.21100769937038422
0.8856979608535767
0.20184746384620667
0.21867229044437408
0.22499722242355347
0.17583009600639343
0.22991396486759186
0.6833838224411011
0.22934278845787048
0.24921727180480957
0.24761348962783813
0.22830930352210999
0.2616913616657257
1.4610377550125122
0.18647825717926025
0.980761706829071
0.20638729631900787
0.27840977907180786
0.22460854053497314
0.7906453609466553
0.2638358473777771
0.8518784642219543
0.8664788603782654
0.23470628261566162
0.8664623498916626
0.2288951575756073
1.752713918685913
0.2895399034023285
0.32006603479385376
0.2594607472419739
0.9199802875518799
0.8675249218940735
1.0214314460754395
0.7441278100013733
0.2725960612297058
1.5525882244110107
0.20682662725448608
0.7488235235214233
0.3223126232624054
0.23838317394256592
0.24684707820415497
0.8065820336341858
0.257903516292572
0.2888883352279663
0.8253610134124756
0.29674941301345825
0.27526333928108215
0.7679792642593384
0.2711262106895447
0.2655102014541626
0.6719712615013123
0.3524916172027588
0.8051340579986572
0.9296053051948547
0.8475476503372192
0.20982906222343445
0.27420952916145325
0.2701113224029541
0.3497416079044342
0.23437495529651642
0.7212353348731995
0.9527181386947632
0.2745457887649536
0.27195805311203003
0.20152772963047028
0.3018363118171692
0.333174467086792
0.28273069858551025
0.9497787952423096
1.5814502239227295
1.0010658502578735
0.8802085518836975
0.2878205180168152
0.7287927865982056
0.7326833605766296
0.24016064405441284
1.350309133529663
0.8392284512519836
0.26820340752601624
0.367027223110199
0.2590336501598358
0.2473057210445404
0.3159361183643341
1.2687370777130127
0.7826107144355774
0.6954200267791748
0.2975786030292511
0.22303974628448486
0.45082491636276245
0.7563554048538208
0.9464088678359985
0.2690950930118561
0.2045779824256897
0.8014536499977112
0.35040566325187683
1.0160183906555176
0.2577056884765625
0.2630009353160858
0.29162994027137756
0.832009494304657
0.2582300901412964
0.2811585068702698
0.31294921040534973
0.2895050644874573
0.8015444278717041
0.975978672504425
0.868593156337738
0.7585172653198242
0.2026621699333191
0.3406656086444855
0.31208479404449463
0.6903932690620422
0.34621888399124146
0.2540048360824585
0.24459096789360046
0.31763261556625366
0.8718047738075256
0.2745566666126251
0.7686508893966675
0.21569055318832397
0.33110523223876953
0.4032328724861145
0.2147393375635147
0.1827104091644287
0.22761255502700806
0.21208404004573822
0.21152278780937195
0.2253546118736267
0.7967061996459961
0.8662364482879639
0.1913304626941681
0.8436269164085388
0.2781673073768616
1.4270603656768799
1.3512283563613892
0.19203537702560425
0.19008037447929382
0.24150782823562622
0.3056231737136841
0.30363786220550537
1.5542712211608887
0.29367563128471375
0.9680653214454651
0.22376921772956848
0.18494673073291779
0.26169008016586304
0.1921406090259552
0.22517569363117218
0.804179847240448
0.24279096722602844
0.979999303817749
0.23906511068344116
0.877906322479248
0.1948760747909546
0.982867956161499
0.22671756148338318
0.2313731610774994
0.1800210177898407
0.18724273145198822
0.789018452167511
0.25024697184562683
0.8112172484397888
0.7643508911132812
0.2261284589767456
0.9465266466140747
0.8313009738922119
0.9766049385070801
0.21247315406799316
0.9824113249778748
0.6743792295455933
0.8646911978721619
0.7234045267105103
0.19247855246067047
0.22935685515403748
0.18718326091766357
0.26980695128440857
0.18678148090839386
0.9225068092346191
0.9025670289993286
0.18362049758434296
0.2681751549243927
0.24895675480365753
0.207485169172287
0.1866406798362732
0.2619781196117401
0.9715220928192139
0.2311529517173767
0.2441885769367218
0.2497464269399643
0.2978234887123108
0.9582222700119019
0.34417253732681274
0.2057572454214096
0.7819625735282898
0.7886936068534851
0.30187785625457764
0.7136245369911194
0.22911378741264343
0.8668151497840881
0.2718164920806885
0.8534436225891113
0.25293517112731934
0.825125515460968
0.6551023721694946
0.9835025072097778
0.941861093044281
0.217909574508667
0.23927317559719086
1.2094502449035645
0.2648281455039978
0.19445332884788513
0.8003808856010437
0.9717198014259338
0.24024802446365356
0.7226433753967285
0.8675656318664551
0.8828680515289307
0.23822367191314697
1.7817248106002808
0.2084885835647583
0.2368379533290863
0.22626513242721558
0.8972434401512146
0.27984359860420227
0.18299368023872375
0.3140699863433838
0.2788832187652588
0.27178001403808594
0.18366503715515137
0.3005121350288391
0.25708019733428955
0.2806403934955597
0.16951794922351837
0.2786649167537689
0.2814209759235382
0.8183339834213257
0.8116388916969299
0.23464901745319366
0.2961761951446533
0.2479122430086136
1.0218764543533325
0.9096391797065735
1.4205608367919922
0.8240724205970764
0.24162627756595612
0.290776789188385
0.6247340440750122
0.2267906367778778
0.25100207328796387
0.2483310103416443
0.17589181661605835
0.220365971326828
0.3732224106788635
0.1920413225889206
1.0285390615463257
0.19323131442070007
0.17895565927028656
0.19724112749099731
0.17467613518238068
0.9628883004188538
1.1061198711395264
0.17848725616931915
0.24130350351333618
0.8572508096694946
0.16212329268455505
0.23626485466957092
0.717741072177887
0.27699795365333557
0.781197190284729
0.2519330084323883
0.725620687007904
0.20367681980133057
0.23597675561904907
0.7634754180908203
0.25106459856033325
0.9188955426216125
0.17399752140045166
0.7331073880195618
0.26113879680633545
0.25087645649909973
0.18219693005084991
0.19721275568008423
0.284599244594574
0.27710846066474915
0.19663110375404358
0.8187023401260376
0.2070811241865158
0.1961580216884613
0.7045176029205322
0.22089305520057678
0.17451328039169312
0.1964714527130127
0.15840402245521545
0.11573830991983414
0.1483747363090515
0.17150501906871796
0.21008044481277466
0.20886173844337463
0.18047326803207397
0.13971230387687683
0.8965041637420654
0.22491590678691864
0.11737760901451111
0.18581151962280273
0.1512606143951416
0.2313656359910965
0.17648018896579742
0.13953235745429993
0.14642176032066345
0.14546306431293488
0.15850283205509186
0.9964210391044617
0.19993898272514343
0.14101842045783997
0.826837956905365
1.220290184020996
0.8250227570533752
0.19331929087638855
0.1904844343662262
0.16692396998405457
0.19815266132354736
0.12735307216644287
0.1952642798423767
0.7776210308074951
0.16431652009487152
0.1135362982749939
0.9657472968101501
0.10489164292812347
0.881120502948761
1.3942441940307617
0.13611072301864624
1.1862612962722778
0.20709282159805298
0.16722793877124786
1.0347568988800049
0.17287321388721466
0.12105606496334076
0.929202139377594
0.11784006655216217
0.17699185013771057
1.1132960319519043
0.18723836541175842
0.1450762301683426
1.9084240198135376
0.14043372869491577
0.11645303666591644
0.8277535438537598
0.1247352659702301
0.1421869695186615
0.7515160441398621
0.16525870561599731
0.88155597448349
0.7569679617881775
0.13252884149551392
1.132681131362915
0.9164073467254639
1.743182897567749
0.2091495394706726
0.17392116785049438
0.18535444140434265
0.12019015103578568
0.2032555341720581
0.17707055807113647
0.2427380084991455
0.8960126638412476
1.0373566150665283
0.23080572485923767
0.6434017419815063
0.6958290934562683
0.2624705731868744
0.18561144173145294
0.8487051129341125
0.7251393795013428
0.8205248117446899
0.837076723575592
0.2376055121421814
1.008470058441162
0.14377954602241516
0.24667608737945557
0.1546313464641571
0.15721175074577332
0.19989266991615295
1.6301769018173218
0.8692447543144226
0.915338397026062
0.284506618976593
0.15438112616539001
0.17675766348838806
0.3400198519229889
0.25772103667259216
0.7184513211250305
0.35094723105430603
1.0810574293136597
0.34984660148620605
0.25605714321136475
0.24922999739646912
0.8736171722412109
0.8408457040786743
0.15692169964313507
0.21547725796699524
0.21931733191013336
0.9738658666610718
0.21718411147594452
0.2582087814807892
1.6264982223510742
0.1898498237133026
1.0021191835403442
0.8478445410728455
0.7251080274581909
0.20887482166290283
1.0292962789535522
0.7902807593345642
0.27056267857551575
0.26947587728500366
0.19524869322776794
0.2851088047027588
0.18166577816009521
0.19099920988082886
1.0542701482772827
1.311279535293579
0.8554258346557617
0.8788228034973145
0.27808964252471924
0.23016616702079773
0.7585693001747131
0.22962120175361633
0.8145906925201416
1.1040602922439575
0.3000330328941345
0.8424804210662842
0.25744473934173584
0.2175605148077011
0.27346789836883545
0.16773852705955505
0.7770407795906067
0.19782516360282898
0.20023506879806519
0.8575127720832825
1.1228277683258057
0.20211029052734375
0.3091614842414856
0.7752344608306885
0.3515130877494812
0.21937549114227295
0.20202820003032684
0.26260846853256226
0.2208184450864792
0.9339014887809753
0.25323110818862915
0.9155825972557068
0.193084716796875
1.0534881353378296
0.2554047703742981
0.3044152557849884
0.2389446347951889
0.2625737190246582
0.8690410852432251
0.9924863576889038
0.24546292424201965
0.35512781143188477
0.21322016417980194
0.22874319553375244
0.17623329162597656
0.20970770716667175
0.210086390376091
0.2176346331834793
0.24174249172210693
0.21548506617546082
0.23715826869010925
0.7958263158798218
0.27580153942108154
1.5195565223693848
0.9465025663375854
0.7759407758712769
1.6509175300598145
0.9573308825492859
0.20855456590652466
0.18865004181861877
0.18679983913898468
0.2817670404911041
0.29920995235443115
0.24310490489006042
0.7889257669448853
0.1889563351869583
0.2641841769218445
0.21206799149513245
0.22865551710128784
1.0472784042358398
0.22813957929611206
1.0006096363067627
0.21767237782478333
0.29572468996047974
0.22983290255069733
0.7633059620857239
0.18377681076526642
0.8818699717521667
0.25934332609176636
0.23729634284973145
0.2242969274520874
0.24623160064220428
0.2242390215396881
0.30075281858444214
0.22291594743728638
0.2218540608882904
0.1369021087884903
0.16384556889533997
0.8472568392753601
0.30706048011779785
0.2499111145734787
0.20926164090633392
0.9535316228866577
0.14286765456199646
0.17231333255767822
1.1076469421386719
0.15164054930210114
0.7048229575157166
0.17028634250164032
0.1822444200515747
0.7923239469528198
0.8931636214256287
0.795106053352356
0.12473849952220917
0.14055651426315308
0.19568198919296265
0.1737271398305893
0.9379059672355652
0.21222740411758423
1.2587721347808838
0.20111429691314697
0.9645918011665344
0.12198410928249359
0.19094201922416687
0.14806446433067322
0.21130278706550598
0.783363938331604
0.8435924649238586
0.21368278563022614
0.18918071687221527
0.7144709825515747
0.7632656097412109
0.15625545382499695
0.21057620644569397
0.141921728849411
0.16987472772598267
0.18126598000526428
1.018825888633728
0.2266860008239746
0.16764035820960999
0.22204643487930298
0.7874225974082947
1.7138241529464722
0.8550304770469666
0.13555306196212769
0.13648349046707153
0.27743202447891235
0.1964643895626068
0.8389524817466736
0.29979321360588074
0.2429259717464447
0.22499807178974152
0.7794109582901001
1.0469701290130615
0.1770908534526825
0.1678580939769745
0.13263899087905884
0.1419479250907898
1.1735210418701172
1.0468400716781616
0.19463756680488586
0.7051002979278564
1.0733431577682495
0.17160668969154358
0.1762627363204956
0.20709970593452454
0.23284059762954712
0.24874302744865417
0.7364790439605713
0.16730058193206787
0.30925053358078003
0.7624238729476929
0.2075362205505371
0.9811307191848755
0.2524329423904419
0.17321470379829407
0.1794387698173523
0.2873583137989044
0.7768925428390503
0.16838666796684265
0.8612298369407654
0.8155695199966431
0.8126934170722961
1.8558595180511475
1.1812430620193481
0.16921904683113098
0.18323713541030884
0.6461846828460693
0.2056359499692917
0.2960242033004761
0.3108728229999542
0.3003079891204834
0.20952248573303223
0.23172855377197266
1.0770936012268066
0.3619237542152405
0.22982418537139893
0.1342599242925644
0.2247951477766037
0.6642394065856934
0.16934530436992645
0.9265813827514648
0.24717369675636292
0.7185365557670593
0.2544889450073242
0.20143580436706543
0.12507379055023193
0.8585114479064941
0.2896478474140167
1.1481853723526
0.17921780049800873
0.18169161677360535
0.791157603263855
0.946224570274353
0.1681450605392456
0.26030266284942627
0.16590705513954163
0.2953742444515228
0.15570606291294098
0.1799861043691635
0.21258670091629028
0.8575791716575623
0.26339632272720337
0.23186607658863068
0.27933886647224426
0.19356411695480347
0.2048833817243576
0.235357865691185
0.11713206768035889
0.9670346975326538
0.814665675163269
0.1295572817325592
0.14367197453975677
0.131145641207695
0.17557816207408905
1.470982551574707
0.1311734914779663
0.9133456945419312
0.12099482119083405
0.7914062738418579
0.313296914100647
0.14457061886787415
1.2617707252502441
0.17587271332740784
0.1964307725429535
0.18882082402706146
0.9544267058372498
0.9370421171188354
0.18363699316978455
0.8399041295051575
0.1912005990743637
0.160658597946167
0.8507677912712097
0.8368144035339355
0.20103701949119568
0.22212180495262146
0.19527672231197357
1.1213421821594238
0.19028373062610626
0.9068564176559448
1.370985984802246
0.14244143664836884
0.14382509887218475
0.20096808671951294
0.16195932030677795
0.2710888981819153
0.18188896775245667
0.17714792490005493
0.8159345388412476
0.19750845432281494
0.18047377467155457
1.030295491218567
1.080530047416687
0.11333659291267395
0.12193706631660461
0.9138040542602539
0.14748790860176086
0.1082272082567215
0.2062009572982788
1.2130577564239502
0.7951750755310059
0.17633207142353058
0.22256013751029968
0.15718281269073486
1.4308655261993408
1.2096761465072632
1.1376558542251587
0.26357173919677734
0.301879346370697
0.12863078713417053
0.18502649664878845
0.22452762722969055
0.21735629439353943
0.8462365865707397
0.21895168721675873
0.2464846968650818
0.1728358119726181
0.10117178410291672
0.9513153433799744
0.2672446072101593
1.010722041130066
1.045198917388916
0.9204002618789673
0.8397783637046814
0.21478939056396484
1.085422158241272
0.20363299548625946
0.8861802816390991
0.903168261051178
0.16756772994995117
0.15470552444458008
0.9104940295219421
0.7395449280738831
0.25058215856552124
0.23543742299079895
0.13891175389289856
1.0171618461608887
0.2302708625793457
1.0225363969802856
0.3468392491340637
0.8727061748504639
0.13652901351451874
0.19869232177734375
0.15227338671684265
0.14564752578735352
0.8919458985328674
0.1602078378200531
0.20330283045768738
0.18586796522140503
0.1973583996295929
0.2740994393825531
0.24206480383872986
1.0409276485443115
0.1505279242992401
0.825308084487915
0.19534799456596375
0.7553651332855225
0.1450730562210083
0.2552982270717621
0.3157361149787903
0.7629803419113159
0.16165561974048615
0.23545411229133606
0.2688845992088318
1.849966287612915
0.22670809924602509
0.19575810432434082
0.6277825236320496
0.200435072183609
0.22360959649085999
0.1786024272441864
0.8149145841598511
1.1114166975021362
0.15878018736839294
1.6253200769424438
0.7819337248802185
1.297745943069458
0.155684694647789
1.135063886642456
0.22706001996994019
0.8680791854858398
0.2748199701309204
0.19373491406440735
0.211541548371315
0.15720629692077637
0.7716988325119019
0.7985998392105103
0.637322187423706
0.27215325832366943
1.6926298141479492
0.17060783505439758
1.0350595712661743
1.1532666683197021
0.8648219108581543
0.18537244200706482
0.20813021063804626
0.3634132146835327
0.22846117615699768
0.2021791934967041
0.23773857951164246
0.27093902230262756
0.9414814114570618
0.3709735870361328
0.1834435760974884
0.718222439289093
0.14805889129638672
0.25391656160354614
0.9461000561714172
1.16618812084198
0.1971983015537262
0.24718686938285828
0.15745475888252258
0.32110655307769775
0.23163452744483948
0.6283339262008667
0.23811665177345276
0.15131521224975586
0.8534546494483948
0.9723723530769348
0.7296422123908997
0.2071394920349121
0.8026109933853149
0.21626600623130798
0.23416554927825928
0.14064544439315796
0.26424115896224976
1.0691893100738525
0.7635172009468079
0.13246874511241913
0.9022027850151062
0.794892430305481
0.2940354347229004
0.2837607264518738
0.7102785110473633
0.8821119666099548
0.17424532771110535
1.113847017288208
1.1738930940628052
0.14703387022018433
1.1046468019485474
0.17212849855422974
0.20449542999267578
0.6737807989120483
0.660191535949707
0.26034367084503174
0.23190036416053772
0.31583553552627563
0.9867386221885681
0.6768409013748169
0.2954728901386261
1.045222282409668
0.2692289352416992
0.28982287645339966
0.2034839540719986
0.2567572593688965
0.3194289803504944
0.31909024715423584
1.0607062578201294
0.2537221908569336
0.1644631177186966
0.15349584817886353
0.31271302700042725
0.262540340423584
0.17333205044269562
0.3053828477859497
0.8773842453956604
0.16609102487564087
0.18980279564857483
0.17518794536590576
0.7213147878646851
0.22075466811656952
0.9220250844955444
0.18704277276992798
1.0299925804138184
0.23286055028438568
0.8477756977081299
0.2023525983095169
0.17982706427574158
0.1768924593925476
1.2914942502975464
0.21286319196224213
0.24392831325531006
0.32235121726989746
0.967286229133606
0.27354010939598083
1.2123620510101318
0.25381216406822205
0.3028962314128876
0.19361773133277893
0.21239352226257324
0.8133856654167175
0.9595819115638733
0.18968452513217926
0.20223918557167053
0.1365714818239212
0.9589192867279053
0.1830979883670807
0.33514606952667236
0.7980560064315796
1.4957438707351685
1.632083773612976
0.9556186199188232
1.0300278663635254
0.2743143141269684
0.9703035950660706
0.7356723546981812
0.7646036744117737
0.1522112786769867
0.3535488247871399
0.8977222442626953
0.2793528735637665
0.22517219185829163
0.24384835362434387
0.7168790102005005
0.2644323408603668
0.1967097818851471
0.8745360970497131
1.984159231185913
0.3312498927116394
0.305414080619812
0.8258051872253418
1.2265108823776245
0.2582571804523468
0.6834254264831543
0.8306654095649719
0.2121971696615219
0.41011905670166016
0.7235227823257446
0.7715139389038086
0.8501037359237671
0.17538535594940186
0.36190682649612427
0.17896077036857605
0.27449774742126465
1.2527872323989868
0.23361918330192566
0.27821704745292664
0.24201278388500214
0.2048456221818924
0.9247569441795349
0.842069685459137
0.7754741907119751
0.3151160478591919
0.18263548612594604
0.7169520854949951
1.002517819404602
0.23729240894317627
0.33642998337745667
0.161133274435997
0.8041531443595886
0.732487142086029
0.769212007522583
0.8618963956832886
0.2958950698375702
1.7151471376419067
0.27533668279647827
0.9915974140167236
0.19752633571624756
0.9500309824943542
0.8075697422027588
0.21635153889656067
0.2365291714668274
0.2735729515552521
0.23659487068653107
0.20400112867355347
0.2162066102027893
0.8719648718833923
0.31315404176712036
0.23265907168388367
0.6412467360496521
0.9239503145217896
0.8084646463394165
0.3224078416824341
0.3130759000778198
0.32531556487083435
0.727828323841095
0.8909138441085815
0.27020856738090515
1.1530425548553467
0.2108072191476822
0.7327346801757812
0.19822123646736145
0.29175615310668945
0.24563071131706238
0.9948622584342957
0.26647019386291504
0.2659897804260254
0.24428290128707886
0.688416600227356
0.36608168482780457
0.25842994451522827
0.24015595018863678
0.2595643401145935
0.22820374369621277
1.416001796722412
0.3109162747859955
1.4505976438522339
0.20469292998313904
0.17877250909805298
0.3574013113975525
0.2515575885772705
0.7660569548606873
0.3008277416229248
0.8831814527511597
0.662165105342865
0.823742687702179
0.9203451871871948
0.26412320137023926
0.18245241045951843
0.9327840805053711
0.780087411403656
0.7890496850013733
0.8616694211959839
0.38018906116485596
0.21943001449108124
0.17214235663414001
0.3575829267501831
1.2226088047027588
1.0667520761489868
0.2246558666229248
0.8040384650230408
0.8121392726898193
0.22332194447517395
1.3986612558364868
0.4203183054924011
0.281463086605072
0.36087140440940857
0.29122450947761536
0.155471533536911
1.5815134048461914
0.9012067914009094
0.8966399431228638
0.2197047621011734
0.3544248640537262
0.3265993893146515
0.2060457020998001
0.3089694380760193
1.0533112287521362
0.23383665084838867
0.29860445857048035
0.33100569248199463
1.3828120231628418
0.37110647559165955
0.7902794480323792
0.322849839925766
1.0293818712234497
0.25195425748825073
0.3266993463039398
0.28841689229011536
0.2809419631958008
0.8016422986984253
0.23504243791103363
0.8866896629333496
1.368842363357544
0.3310562074184418
0.29156798124313354
0.7236019372940063
0.31647244095802307
0.3845392167568207
0.27797335386276245
0.5489927530288696
0.17821526527404785
0.3295601010322571
0.2703652083873749
1.4547326564788818
0.12742407619953156
0.3568495810031891
0.2417215257883072
0.5936826467514038
0.19376417994499207
0.3258586525917053
0.39199066162109375
0.2142690122127533
0.6187034845352173
0.851118266582489
1.5643646717071533
0.8625244498252869
0.24094565212726593
0.19464868307113647
0.27601373195648193
0.6482255458831787
0.7116080522537231
0.2941397428512573
0.7192152738571167
0.2016260027885437
0.3464038372039795
0.3229728937149048
0.30708813667297363
0.24378055334091187
0.3603036403656006
0.7978515028953552
0.22442565858364105
0.23958858847618103
0.7046916484832764
0.14929693937301636
0.25169217586517334
0.32384130358695984
0.9298645853996277
0.3310471773147583
0.6124491691589355
0.9284999370574951
0.9926158785820007
0.26283884048461914
0.6083021759986877
0.31402504444122314
0.24269035458564758
0.16644063591957092
0.2749829590320587
0.20704951882362366
0.25022828578948975
0.21080094575881958
0.21600109338760376
1.7038483619689941
0.25446856021881104
1.1850603818893433
0.9421764612197876
0.23128652572631836
0.2090628743171692
0.2878817915916443
0.8396132588386536
0.13310454785823822
0.1350308358669281
1.0251390933990479
0.7716866135597229
0.22866445779800415
0.26676127314567566
0.21301579475402832
0.23132702708244324
0.8806980848312378
0.8479602336883545
0.25918036699295044
1.0102888345718384
0.20909398794174194
0.30606406927108765
0.27515143156051636
0.19333821535110474
0.3018840551376343
1.0633292198181152
0.17339172959327698
1.0431723594665527
0.16704678535461426
0.11827051639556885
0.755319356918335
0.24154436588287354
0.22470492124557495
0.6929082274436951
0.30767160654067993
0.7380864024162292
1.1030522584915161
1.0852910280227661
0.21300198137760162
0.8164131045341492
1.4956979751586914
0.12572452425956726
0.2974628210067749
1.4030065536499023
0.22414079308509827
0.18849387764930725
0.1596560776233673
0.7988331317901611
0.9868373274803162
0.7545262575149536
0.6384680271148682
0.2418050765991211
0.33445337414741516
0.2362242043018341
0.7710996270179749
0.25974178314208984
0.3496994376182556
0.23496510088443756
0.2743294835090637
0.28025299310684204
0.5786421298980713
0.29969897866249084
1.4365019798278809
0.2123332917690277
0.25186073780059814
0.8104826211929321
0.13240976631641388
0.18518754839897156
0.21181213855743408
0.3993086814880371
0.23746520280838013
0.6335550546646118
0.18881842494010925
0.2668265104293823
0.4117802381515503
0.3049282133579254
0.7811951637268066
0.22461915016174316
0.2326812595129013
0.742926836013794
0.15413233637809753
0.17382723093032837
1.2005832195281982
0.23219016194343567
0.2774152159690857
0.32291078567504883
0.20748326182365417
0.7989550828933716
0.16182655096054077
0.28740888833999634
0.19182541966438293
0.25997862219810486
0.9254401922225952
0.14849865436553955
0.1831304430961609
0.19918477535247803
0.2126310169696808
1.0658488273620605
0.16761280596256256
0.24876657128334045
0.13473837077617645
0.14647626876831055
0.1316424310207367
0.2894691228866577
0.9959587454795837
0.2667078375816345
0.9060332775115967
0.6994708776473999
0.17691610753536224
0.2688830494880676
1.676801085472107
0.6323826909065247
0.10699630528688431
0.10652612149715424
0.8768845796585083
0.7447961568832397
0.14066888391971588
0.17481458187103271
0.19438010454177856
0.6360163688659668
0.9947237372398376
0.8119057416915894
1.1659455299377441
0.25229623913764954
0.21954022347927094
0.18826617300510406
0.1717049479484558
0.7918194532394409
0.7368759512901306
0.22481313347816467
0.22637665271759033
0.21477927267551422
0.722633957862854
0.19333766400814056
0.3991493582725525
1.046248435974121
0.22226238250732422
1.673164963722229
0.1991797685623169
1.0208476781845093
0.18400123715400696
0.9728574156761169
0.2719306945800781
0.7705402374267578
0.13458405435085297
0.1427585780620575
0.9014973640441895
0.23788611590862274
1.352365255355835
1.0373544692993164
0.9456077814102173
0.26470068097114563
0.18702653050422668
0.6584441661834717
0.2068827599287033
0.21401812136173248
0.6913046836853027
0.21312859654426575
0.25276511907577515
1.1657531261444092
0.1943691074848175
1.0125664472579956
0.2300032079219818
0.2880003750324249
0.9729422926902771
0.32254090905189514
0.3304862678050995
0.18850955367088318
1.285027265548706
0.11632666736841202
0.8152502775192261
0.4366809129714966
0.16122999787330627
0.19315776228904724
0.2496146708726883
0.24604547023773193
1.00277841091156
0.1980106085538864
0.26434874534606934
0.14900419116020203
0.34546664357185364
0.8946835994720459
0.7966862320899963
1.0299460887908936
0.20401251316070557
0.6974120140075684
1.1864805221557617
1.0803415775299072
0.27496451139450073
0.15438812971115112
0.14916518330574036
0.21893012523651123
0.7558741569519043
0.20476262271404266
0.2134687751531601
0.36419254541397095
0.2013709545135498
0.2850513458251953
0.8923199772834778
1.1003491878509521
0.21196560561656952
0.2552398443222046
0.12750671803951263
0.23734529316425323
0.20355331897735596
0.8568029999732971
0.17449617385864258
0.24237167835235596
0.12400735169649124
0.22701045870780945
1.2158443927764893
0.16867834329605103
1.1439281702041626
0.8265731334686279
0.18251097202301025
1.0516034364700317
0.31885483860969543
0.6902454495429993
0.21936295926570892
0.8664788603782654
0.14952772855758667
0.18406635522842407
0.16286012530326843
0.12988942861557007
0.2085837423801422
0.27492260932922363
0.16493254899978638
0.12692119181156158
1.772770881652832
1.341806173324585
0.20913809537887573
0.18931105732917786
0.2385265827178955
0.21626506745815277
0.20350071787834167
0.15300965309143066
0.15281952917575836
1.5465363264083862
0.7808717489242554
0.8934271931648254
1.1597744226455688
0.19955913722515106
0.1829339861869812
0.7033072113990784
0.30647340416908264
0.8174114227294922
0.2892865240573883
0.8682631850242615
0.1855335682630539
0.17062659561634064
0.21470576524734497
0.19118402898311615
0.1649314910173416
0.7947791218757629
0.19081158936023712
0.21380387246608734
0.15947942435741425
0.759281575679779
0.2294214963912964
0.15644845366477966
0.305021733045578
0.1340644806623459
0.3506574034690857
0.7915250062942505
0.2149536907672882
0.2928438186645508
0.12202534079551697
0.829950749874115
0.22412769496440887
0.1490747034549713
0.2517913579940796
1.0178768634796143
1.213062047958374
0.1629791259765625
0.21343787014484406
0.8960132598876953
0.1551889330148697
0.13731998205184937
0.22213535010814667
0.23299051821231842
0.9498520493507385
0.19665710628032684
0.23561358451843262
0.2109852135181427
0.6706632971763611
1.2209142446517944
0.91959547996521
0.14848725497722626
0.9886810183525085
0.23757517337799072
0.1414453238248825
0.10578814148902893
0.881732702255249
1.0466008186340332
0.8390992283821106
0.22032852470874786
0.8354484438896179
0.26845166087150574
0.22221219539642334
0.760310173034668
0.9002557396888733
0.17485357820987701
0.6616218686103821
0.15419912338256836
0.19072729349136353
1.0286232233047485
0.7452347278594971
1.607689619064331
0.30589842796325684
1.2121764421463013
0.1614983081817627
0.2019980549812317
0.19772914052009583
0.8240077495574951
1.035598874092102
0.20662036538124084
0.7660217881202698
0.19790220260620117
0.283967524766922
0.2611120045185089
1.0974525213241577
0.12317416071891785
1.1056691408157349
0.8105626106262207
0.9615117311477661
0.2631656527519226
0.20978687703609467
0.6156401634216309
1.4071691036224365
0.18009474873542786
1.6509016752243042
0.657085120677948
0.19732926785945892
0.23208332061767578
0.9266563057899475
0.12147313356399536
0.3670194447040558
0.40121644735336304
0.272521436214447
0.22298958897590637
0.14570118486881256
0.19254088401794434
0.7349121570587158
1.1916664838790894
0.4880737364292145
0.7557135224342346
0.3198150098323822
0.3677423596382141
1.372862696647644
0.18020322918891907
1.8623661994934082
0.6962323784828186
0.3294448256492615
0.23936019837856293
0.33390194177627563
0.6998019218444824
0.5383043885231018
0.3960215151309967
1.6282894611358643
0.2962578535079956
0.7968840599060059
0.823543131351471
0.9241602420806885
0.2455715835094452
0.3160030245780945
0.319953590631485
0.328195720911026
0.8384493589401245
0.13730110228061676
0.33341649174690247
1.5473783016204834
0.2501775920391083
0.3174547851085663
0.7558649182319641
0.987483024597168
0.19159936904907227
0.7537365555763245
0.3997374475002289
0.3195608854293823
0.5778327584266663
0.19940704107284546
0.22968687117099762
0.4258907735347748
0.24660630524158478
0.3011108338832855
0.19431716203689575
0.2750382721424103
0.3128393292427063
0.28859663009643555
0.7243412137031555
0.8770174384117126
0.19359394907951355
0.7300021648406982
0.6043786406517029
0.25530412793159485
0.9918742179870605
0.7162189483642578
0.3611820936203003
0.18518324196338654
0.210371732711792
1.0971494913101196
0.19746333360671997
0.26644766330718994
0.4160688519477844
0.27008357644081116
0.20069684088230133
0.22197702527046204
0.673234224319458
0.23518332839012146
0.21100221574306488
0.39028018712997437
0.7390068769454956
0.1720963418483734
0.9890239238739014
0.24621006846427917
0.914252758026123
0.7670907974243164
0.8870253562927246
0.8857938051223755
0.2818756699562073
0.2554453909397125
0.2674296796321869
0.7535046935081482
1.104848027229309
0.26148855686187744
0.22031933069229126
0.6623751521110535
0.18620677292346954
0.16827814280986786
1.1505800485610962
0.8407185673713684
0.9590662121772766
0.4835067391395569
0.2184382975101471
0.17880573868751526
0.17750884592533112
0.33921653032302856
0.8132256269454956
1.5540897846221924
0.1789117157459259
0.20852363109588623
0.6270737051963806
0.15960538387298584
0.2944246530532837
0.17385897040367126
0.287818044424057
0.9518030881881714
0.24783644080162048
0.2891712784767151
0.2377537488937378
0.7737716436386108
0.1877751648426056
0.7130707502365112
1.0387834310531616
0.2761441767215729
0.4304482340812683
1.0359582901000977
0.6686155200004578
0.29312247037887573
0.7701318264007568
0.6696216464042664
0.2653250992298126
0.21117088198661804
1.1455609798431396
0.19533580541610718
0.30824434757232666
0.19990363717079163
0.6765599250793457
0.7942720055580139
0.16009274125099182
1.3138924837112427
0.37629926204681396
0.22160711884498596
0.3369930684566498
0.23811045289039612
0.2541087865829468
0.2534709572792053
0.9881668090820312
0.2697337865829468
0.24725891649723053
0.587740421295166
0.9014492034912109
0.18791744112968445
0.14386793971061707
0.2103000283241272
0.2722083330154419
0.3167753219604492
0.26973065733909607
0.738158106803894
0.22038765251636505
0.27091485261917114
0.16549286246299744
0.27879059314727783
1.0724480152130127
0.16052110493183136
0.22323131561279297
0.24711042642593384
0.7423926591873169
0.22697040438652039
0.20060470700263977
0.6869261264801025
2.032395601272583
0.7335840463638306
0.6097639799118042
0.24495644867420197
0.28922224044799805
0.8115634918212891
0.26066672801971436
0.22438828647136688
0.2833225727081299
0.23344868421554565
0.1660158783197403
0.16376760601997375
1.0405412912368774
0.18596366047859192
0.6384656429290771
1.230602741241455
1.0920253992080688
0.1361941397190094
0.18202516436576843
0.3540501296520233
0.2513550817966461
0.5653020739555359
0.13440442085266113
0.28116872906684875
0.7641268372535706
0.091952845454216
1.462309718132019
0.13648663461208344
0.21411556005477905
0.13694103062152863
0.9665258526802063
0.2318120300769806
0.18034346401691437
0.9334135055541992
0.17358925938606262
0.1718168705701828
0.840961217880249
0.14980393648147583
0.18710704147815704
0.7509802579879761
0.82976233959198
0.26915442943573
0.896240770816803
0.7205810546875
0.12744639813899994
0.2915853261947632
0.29190507531166077
0.22696354985237122
0.20094139873981476
0.1795569360256195
0.23675474524497986
0.2119811326265335
0.17443886399269104
0.16873279213905334
0.13247796893119812
0.12077227979898453
0.1338498890399933
0.8205760717391968
0.22034332156181335
0.19560213387012482
0.22694723308086395
0.6663656830787659
0.13576754927635193
0.12578679621219635
0.6924322843551636
0.21522125601768494
0.22050796449184418
0.12422369420528412
0.2171548455953598
0.8381202220916748
0.8857276439666748
0.1799401491880417
0.20957353711128235
0.1907816082239151
0.1614590734243393
0.07873672246932983
0.7452525496482849
0.9180882573127747
0.9683960676193237
0.1283741146326065
0.1851542592048645
0.20566974580287933
0.6056958436965942
0.11872218549251556
0.21483007073402405
0.1563500165939331
0.1349697709083557
0.1649293303489685
0.26291006803512573
0.16264501214027405
0.8227353096008301
0.12329287827014923
0.16611257195472717
0.16501125693321228
0.20104332268238068
1.6832340955734253
0.13469132781028748
1.1359342336654663
0.22295787930488586
0.5648752450942993
0.162854865193367
0.20206694304943085
0.3778921365737915
0.17080217599868774
1.3567893505096436
0.7258999347686768
0.16083140671253204
1.6505038738250732
0.13724684715270996
0.15688614547252655
0.230452299118042
0.15112251043319702
1.0241504907608032
0.197031170129776
1.2739275693893433
0.6802535057067871
0.18603025376796722
0.10638979077339172
0.6208187341690063
0.11047472059726715
0.19553832709789276
0.1653653383255005
0.11173109710216522
1.0974230766296387
0.16286684572696686
0.2388627529144287
0.2572646141052246
0.23423835635185242
0.913965106010437
0.2272304892539978
0.12671791017055511
0.1699950098991394
0.10019279271364212
0.10071296989917755
0.1477929949760437
0.15181076526641846
0.2039335072040558
0.9860093593597412
1.111505389213562
0.11653374135494232
1.2885605096817017
0.08622516691684723
0.19684702157974243
0.1333705186843872
0.3120304346084595
0.21025046706199646
0.2204442322254181
0.1959194839000702
1.0987824201583862
0.2941739559173584
0.2074657380580902
0.787718653678894
0.1876877248287201
0.1860143095254898
0.14655713737010956
0.2138315886259079
0.6416744589805603
0.24509769678115845
0.104039765894413
1.0527374744415283
0.14316071569919586
0.7621740698814392
0.7609738707542419
0.12753252685070038
0.09020336717367172
0.16574713587760925
0.8861204385757446
0.1931767612695694
0.10438066720962524
0.09424039721488953
0.11823418736457825
0.11015564203262329
0.9271921515464783
0.10876625776290894
1.263765573501587
0.16490736603736877
1.0654106140136719
0.9098836779594421
1.2391095161437988
1.104452133178711
0.1452031135559082
0.8508510589599609
0.13556429743766785
0.11946941167116165
0.12779667973518372
0.7360937595367432
0.7402726411819458
0.1269538849592209
0.13736006617546082
0.19598355889320374
0.7717798948287964
0.08760912716388702
1.555117130279541
0.1387469619512558
0.20005518198013306
0.9368125200271606
1.2093422412872314
0.1924726516008377
0.17409822344779968
1.6245648860931396
0.13671588897705078
0.19589385390281677
1.6201179027557373
0.19616754353046417
0.9016081094741821
0.1868095099925995
0.1350356936454773
0.2760424017906189
0.23250722885131836
0.2740827202796936
0.15087570250034332
0.16436371207237244
0.17863819003105164
1.032292366027832
1.3997769355773926
0.6554641723632812
0.17405965924263
0.18329009413719177
0.12062729895114899
0.23796534538269043
0.9017719030380249
0.25590187311172485
0.1779729723930359
0.3736318349838257
0.1091349795460701
0.6346096992492676
0.6185034513473511
0.19055204093456268
0.16416162252426147
0.12832267582416534
0.14116165041923523
0.1705113649368286
0.20786239206790924
0.6424861550331116
0.20861336588859558
0.1702086627483368
0.15059256553649902
1.701411247253418
0.8589569926261902
0.3641945719718933
0.1500120460987091
0.2771442234516144
0.4383871555328369
0.2695598006248474
0.1694665104150772
0.35548079013824463
0.7514655590057373
1.0376651287078857
0.4032217562198639
0.18429458141326904
0.9963643550872803
0.11900052428245544
0.19509899616241455
0.11906735599040985
0.1133720651268959
0.15974222123622894
0.2654673457145691
0.24831441044807434
0.21156512200832367
0.11098162829875946
1.2045624256134033
0.1496776044368744
0.18311932682991028
0.31512022018432617
0.30820995569229126
0.1188831701874733
0.7454839944839478
0.692210853099823
0.10278595983982086
0.11088317632675171
0.778496503829956
0.7817227840423584
0.20716065168380737
0.7817721366882324
0.2245662361383438
0.10803309828042984
0.7291524410247803
0.19951140880584717
0.25773167610168457
0.2689264118671417
0.16648855805397034
0.7027936577796936
0.9171567559242249
0.18527784943580627
1.1191893815994263
1.0804061889648438
0.19616828858852386
0.19293108582496643
0.1538747400045395
0.8129337430000305
0.8439337015151978
0.7440037727355957
1.4201936721801758
0.2348666787147522
0.3189934492111206
0.13078701496124268
0.15257951617240906
0.17751896381378174
0.2070988416671753
1.1184712648391724
1.042177438735962
0.22411605715751648
0.2017737329006195
0.19929364323616028
0.10849720984697342
1.2195124626159668
0.17542101442813873
0.33391809463500977
0.24948178231716156
1.1449271440505981
0.8393400311470032
0.13809877634048462
0.1914840042591095
0.27358219027519226
0.648889422416687
0.17668157815933228
1.2476242780685425
0.8438522219657898
0.08121921122074127
0.15566211938858032
0.7066794037818909
0.8803373575210571
0.12552562355995178
0.1657906174659729
0.21404001116752625
0.2728344202041626
0.5680969953536987
1.8242712020874023
1.1356209516525269
0.19143925607204437
0.11401750147342682
0.8690673112869263
0.13403350114822388
0.18632148206233978
1.169235110282898
1.604539155960083
0.09254634380340576
1.0512559413909912
0.8323068618774414
0.20865875482559204
0.900063693523407
0.812597393989563
0.1898030936717987
0.29035288095474243
0.5413181781768799
0.7050176858901978
0.5629768967628479
0.21809637546539307
0.16741646826267242
0.21667468547821045
0.13661310076713562
0.40985238552093506
0.2460399866104126
0.9998969435691833
0.7036240100860596
0.8762567639350891
0.14172308146953583
0.2392200231552124
0.2889275550842285
0.8107430934906006
0.13882489502429962
0.8605333566665649
0.11274774372577667
0.6750971674919128
0.13209770619869232
0.31966421008110046
0.14220678806304932
0.33803272247314453
0.8575938940048218
0.688218891620636
0.20363840460777283
0.11960121989250183
0.20482933521270752
0.3351132571697235
0.17800751328468323
0.33838415145874023
0.2838082015514374
0.27389687299728394
0.5681032538414001
0.5943379998207092
0.3415448069572449
0.5397440195083618
1.3815618753433228
0.254646897315979
0.1754622906446457
0.9659246802330017
0.16778802871704102
0.1875990927219391
0.333011656999588
0.31030407547950745
0.2555639147758484
0.15272632241249084
0.38630691170692444
0.13555780053138733
0.7891176342964172
0.9712671041488647
0.7240192890167236
0.9642819166183472
0.2983120381832123
1.2497917413711548
0.6798003911972046
0.21739716827869415
0.3047533631324768
0.16113439202308655
0.6024357676506042
1.5403871536254883
0.16440501809120178
0.5760884284973145
1.991755723953247
0.30118775367736816
0.6522817611694336
1.8648231029510498
0.9732891917228699
0.44065824151039124
0.2683156132698059
0.21136362850666046
0.1534479856491089
1.144139051437378
1.6476225852966309
0.7832862734794617
0.33891117572784424
0.1809205561876297
0.2438909113407135
0.2666263282299042
0.9992998838424683
0.4672010838985443
0.19012917578220367
0.17452217638492584
1.135521650314331
0.2955892086029053
1.1277042627334595
0.19167397916316986
0.8619092106819153
0.8826436400413513
1.2592041492462158
0.5031824111938477
0.48286694288253784
0.324979692697525
1.0995546579360962
1.35975182056427
0.3259514570236206
0.4036015570163727
0.2760476768016815
0.9006909132003784
0.716279149055481
0.378008633852005
0.9499650597572327
0.4586755335330963
1.3843532800674438
0.16871526837348938
0.4600452482700348
0.2837848961353302
0.4593183100223541
1.5719434022903442
0.21403050422668457
0.2612099051475525
1.1068449020385742
1.0879267454147339
0.2569495737552643
0.7730368375778198
0.22363927960395813
0.373174250125885
0.5747177004814148
0.3030153512954712
0.2962576150894165
0.7392131090164185
0.3102262318134308
0.35400882363319397
0.3756687641143799
0.6101106405258179
0.3642757534980774
0.3046477735042572
0.3202749490737915
0.2432299107313156
0.15753647685050964
0.23987971246242523
0.8099128603935242
0.18910974264144897
0.3599748909473419
0.26839908957481384
0.17481951415538788
0.26742517948150635
0.17282545566558838
0.1760832667350769
0.31872180104255676
0.39189666509628296
1.263896107673645
0.16440150141716003
0.38792821764945984
0.30806154012680054
0.941493570804596
0.6799920201301575
0.12119681388139725
0.2139081358909607
0.28568705916404724
0.23401758074760437
1.1001567840576172
0.2625051736831665
0.35543596744537354
0.9064887762069702
0.13215503096580505
0.21420228481292725
2.193544387817383
0.2149624228477478
0.655723512172699
1.0534178018569946
0.21016961336135864
0.8600607514381409
0.16911739110946655
0.23467108607292175
0.30117303133010864
1.8392021656036377
0.11153306066989899
0.24069595336914062
0.31046050786972046
0.3691897988319397
0.26053178310394287
0.2151067554950714
1.14620041847229
0.22598107159137726
0.8008831143379211
0.34829196333885193
0.27745717763900757
0.7869366407394409
0.7608170509338379
0.31664639711380005
1.509811520576477
0.1490621566772461
0.3023061752319336
0.7754616737365723
0.4129670262336731
0.3656848967075348
1.265834093093872
0.48490023612976074
0.2527950406074524
0.11560636013746262
0.08969637751579285
0.21811559796333313
0.3612596392631531
0.7670478820800781
0.6276761889457703
0.6143960356712341
0.6745092272758484
0.1174524649977684
0.25589779019355774
0.6492069959640503
0.24235054850578308
0.16355755925178528
0.7557644844055176
0.1497139036655426
1.0022897720336914
0.38966262340545654
0.9002764821052551
0.20578120648860931
1.0385994911193848
0.25622791051864624
0.258912593126297
0.23519614338874817
0.16995787620544434
1.0761425495147705
0.20844769477844238
0.8085892200469971
1.3327155113220215
0.21790334582328796
0.18591320514678955
0.5493876338005066
1.4986059665679932
0.18846815824508667
0.27341461181640625
0.819453239440918
0.18257208168506622
0.14347177743911743
0.23480677604675293
0.15737496316432953
0.6717967987060547
0.988394021987915
0.15324342250823975
0.333357036113739
0.7759367227554321
1.0580872297286987
0.7297636866569519
0.1287173479795456
0.4302718937397003
0.6975419521331787
0.27217432856559753
0.20937374234199524
0.686857283115387
0.6267269849777222
0.5760092735290527
0.24295443296432495
0.2361505627632141
0.1062254011631012
1.595432162284851
0.3629012405872345
1.0306129455566406
0.2695581912994385
0.739641547203064
0.6831223368644714
0.6742812395095825
0.43244725465774536
0.9388784170150757
0.7948460578918457
1.197511911392212
1.1539442539215088
0.3449960947036743
0.519007682800293
0.2926787734031677
0.24768728017807007
0.6245572566986084
0.2420351356267929
0.8052260875701904
0.6703508496284485
0.2524659335613251
0.21481209993362427
0.37936466932296753
0.3405269980430603
0.20237493515014648
0.6945827007293701
0.49053722620010376
1.756065011024475
1.1224340200424194
0.26868557929992676
0.7343183159828186
0.19609740376472473
0.7418951392173767
0.6860716938972473
0.2511085569858551
0.1651744693517685
0.18572035431861877
0.14583642780780792
0.34928932785987854
0.21541368961334229
0.7019883394241333
0.3851112425327301
0.29906266927719116
0.288954496383667
0.18245285749435425
0.23282311856746674
0.42168402671813965
0.6966808438301086
0.7118301391601562
0.2957119345664978
0.12003392726182938
0.3361265957355499
0.16843333840370178
0.5277844071388245
0.7272618412971497
0.8129178881645203
0.6096537709236145
0.21043986082077026
0.23338055610656738
0.9425677061080933
0.1400328278541565
0.13336971402168274
0.29443323612213135
0.19648388028144836
0.16775134205818176
1.3780971765518188
1.7576597929000854
0.1273525208234787
0.2340017706155777
0.40875571966171265
1.4216980934143066
0.18777084350585938
0.22878867387771606
0.15143045783042908
0.10555773973464966
1.139909029006958
0.7402779459953308
0.574485719203949
0.9517518281936646
0.9474325180053711
0.23631258308887482
0.973069965839386
0.19533713161945343
0.9493828415870667
1.1545827388763428
1.016984462738037
0.23661679029464722
1.1309778690338135
0.3326714038848877
0.5477346181869507
0.2129044532775879
0.2304873764514923
0.6195129156112671
0.18780772387981415
0.353084921836853
0.7331059575080872
0.37867605686187744
0.23296552896499634
0.8957624435424805
0.1850709319114685
1.3867474794387817
0.2669866383075714
0.7570511698722839
0.24727171659469604
0.37904641032218933
0.8188686966896057
1.357213020324707
0.40938735008239746
0.8814021348953247
0.39511096477508545
0.5358405113220215
0.27637535333633423
0.6295626163482666
0.17036983370780945
0.26851919293403625
1.0315425395965576
0.30373018980026245
0.8166598081588745
0.1956246793270111
0.3752772808074951
1.1359832286834717
0.6278371810913086
0.6106576323509216
1.0487329959869385
0.48482567071914673
0.19897428154945374
0.6100257635116577
0.36774536967277527
0.8006390929222107
0.6625678539276123
1.0288536548614502
0.2941257953643799
0.6541479229927063
0.3599463999271393
0.20847466588020325
0.4297410249710083
0.12539207935333252
0.3446469008922577
0.4011232554912567
0.8920338153839111
0.36512213945388794
0.4331105649471283
0.31240662932395935
0.6982594728469849
0.3592921197414398
0.9990342259407043
0.34544938802719116
0.19148129224777222
0.20070387423038483
0.39680272340774536
0.1945967674255371
0.8206697106361389
0.6075072288513184
0.23521700501441956
0.4218616485595703
1.2509043216705322
0.13025209307670593
0.3076988160610199
0.6951968669891357
0.10783707350492477
0.1842830628156662
0.22940553724765778
0.2315845936536789
0.5060431361198425
0.3597337603569031
0.6939547061920166
0.33062201738357544
0.4484516978263855
0.21946240961551666
1.5612843036651611
0.16712960600852966
0.8265509605407715
0.22351610660552979
0.24030441045761108
0.3680543899536133
0.9700871109962463
0.24608369171619415
0.4545721411705017
0.48504525423049927
0.9898617267608643
0.268455445766449
0.19694921374320984
1.7088980674743652
0.3311316967010498
0.8748409748077393
0.2649857997894287
0.6080808639526367
0.192423015832901
0.1652151495218277
0.20623484253883362
0.21013811230659485
0.3101156949996948
0.7561716437339783
0.25975683331489563
0.139015793800354
0.7821424007415771
0.5486965775489807
0.2800229787826538
0.1956702172756195
0.15984271466732025
0.36761218309402466
0.12461115419864655
0.25347504019737244
0.8925034999847412
0.7586735486984253
0.8932313323020935
0.14577652513980865
0.12458351254463196
0.2015739381313324
0.18232786655426025
0.21468518674373627
0.25261276960372925
0.7381554841995239
2.0391807556152344
1.1689989566802979
0.68777996301651
0.9817527532577515
0.31171664595603943
0.1526026427745819
0.8158069849014282
1.0218558311462402
0.968573808670044
0.9586623311042786
1.3008172512054443
0.41312921047210693
0.2984643280506134
0.2021653950214386
0.16096508502960205
0.1689244508743286
0.13563132286071777
0.2678886651992798
0.228699192404747
0.6887023448944092
0.17264339327812195
0.1410675048828125
0.31303972005844116
0.5015963315963745
0.2578790783882141
0.16315892338752747
0.30240076780319214
0.2860596776008606
1.0260250568389893
0.3207587003707886
0.2627609372138977
0.4718737006187439
0.5422022342681885
0.23742210865020752
0.338217556476593
0.14427098631858826
0.965509295463562
0.245009645819664
0.185045063495636
0.7412124276161194
0.32324403524398804
0.15594825148582458
0.14545400440692902
0.16208486258983612
0.21412459015846252
0.8135254383087158
1.047864317893982
0.19399011135101318
0.22869278490543365
0.28116321563720703
0.30389004945755005
0.14714081585407257
0.40249088406562805
0.27047836780548096
0.20942151546478271
0.29710930585861206
0.8763408064842224
0.7344686985015869
0.10132576525211334
0.6145250797271729
0.093376025557518
0.10155558586120605
0.15532848238945007
0.14086252450942993
0.9524961113929749
1.0538874864578247
0.29272133111953735
0.7341172099113464
1.1619691848754883
0.1861182153224945
0.13245004415512085
0.8879998326301575
1.1838706731796265
0.12652450799942017
0.2647732198238373
0.2409358024597168
1.1180689334869385
0.1214761957526207
0.3164254128932953
0.22418268024921417
0.21471275389194489
1.3377808332443237
1.1333342790603638
0.18048831820487976
0.28374534845352173
0.12017253041267395
1.030845284461975
1.2020525932312012
0.12579941749572754
0.17753836512565613
0.2984146475791931
1.7772479057312012
0.15593211352825165
0.1795554757118225
0.13766776025295258
1.470945119857788
0.9481641054153442
0.7642501592636108
0.20991568267345428
0.14331850409507751
0.9688066840171814
0.15317362546920776
0.6741665601730347
0.8360405564308167
0.16280272603034973
0.9049463272094727
0.3077281713485718
0.16866643726825714
1.0282305479049683
0.2357495129108429
1.0486252307891846
1.7992699146270752
0.10056355595588684
0.165668785572052
0.9212786555290222
0.18679696321487427
0.18493205308914185
0.17376379668712616
0.3449307084083557
0.23625914752483368
0.19261611998081207
0.2501083314418793
0.18425625562667847
0.2658842206001282
0.21789243817329407
0.2273913025856018
0.2226259559392929
0.20391681790351868
0.12750613689422607
1.327661395072937
1.0140399932861328
0.14425796270370483
0.19088894128799438
0.13364465534687042
0.6329423189163208
0.1258578598499298
0.673346757888794
0.3224310874938965
0.8509578704833984
0.2624551057815552
0.6947753429412842
0.7850836515426636
0.12271754443645477
0.7133487462997437
0.6554762721061707
1.1630094051361084
0.19244223833084106
0.6987878084182739
0.16775915026664734
0.17109747231006622
0.9258737564086914
0.8349899649620056
0.19423745572566986
0.23015576601028442
1.269813895225525
0.18557965755462646
0.15771567821502686
2.014639377593994
0.19194284081459045
0.32036057114601135
0.37426435947418213
0.987436056137085
0.5975440740585327
0.33702778816223145
0.2689814865589142
0.9090694189071655
0.2240816354751587
1.0663480758666992
0.2566682696342468
1.0421819686889648
1.2879199981689453
0.14413908123970032
0.5944830179214478
1.2376576662063599
0.3131694495677948
0.9306524395942688
0.9000931978225708
0.20862823724746704
0.8421053886413574
0.7922629117965698
0.2153804749250412
0.6564657092094421
0.22903630137443542
0.41848188638687134
0.7515251040458679
0.7703039646148682
0.7723219394683838
0.27901262044906616
0.3027682900428772
0.35136717557907104
0.9192442297935486
0.32266661524772644
0.2176930457353592
0.6826763153076172
0.5204676389694214
0.24535998702049255
0.15355084836483002
0.14801025390625
1.1292427778244019
0.9495134353637695
0.23890337347984314
0.8992279171943665
0.25257593393325806
0.908319354057312
0.2618529796600342
0.2567085027694702
0.6682654619216919
0.2531360387802124
0.19450363516807556
0.2528057098388672
0.14655011892318726
1.1763287782669067
0.2312300205230713
0.2756718397140503
0.5962990522384644
0.3276037275791168
0.375738263130188
0.39115458726882935
0.7919636368751526
0.8426080346107483
0.23956644535064697
0.29197534918785095
0.11960995197296143
0.18779832124710083
1.3072733879089355
0.2920239567756653
0.2946229577064514
0.31307339668273926
0.30553537607192993
0.9917490482330322
0.17813289165496826
1.840247631072998
0.29245585203170776
0.3278536796569824
0.16350874304771423
0.10889070481061935
2.255791664123535
0.24583527445793152
0.13388276100158691
0.8204649686813354
0.40730416774749756
0.6561409831047058
0.8146413564682007
0.35469794273376465
0.15425410866737366
0.680964469909668
0.9217522144317627
0.21912895143032074
0.18638545274734497
0.8114117980003357
0.9645562171936035
0.26434722542762756
0.9549131393432617
1.205369234085083
0.16662587225437164
0.9490939378738403
0.24281448125839233
0.3713016211986542
0.1644163727760315
0.2093062400817871
0.2315281331539154
0.16752544045448303
0.2709331214427948
0.22700780630111694
0.8944446444511414
0.8594001531600952
0.20215988159179688
0.3809458613395691
0.1420164853334427
1.0216760635375977
0.18464352190494537
0.17903730273246765
0.6215668320655823
0.29425063729286194
0.2331671565771103
0.4088876247406006
0.1356995403766632
0.1412300169467926
0.24355417490005493
1.1159157752990723
0.6297463178634644
0.11758190393447876
0.9414126873016357
0.28111180663108826
0.116877481341362
1.23334538936615
0.1782672107219696
0.20398437976837158
0.23352937400341034
0.1517060250043869
0.5591484904289246
0.20658080279827118
0.18069015443325043
0.8266863226890564
0.13252808153629303
0.8293453454971313
0.8262730836868286
0.1987379491329193
0.22537437081336975
1.070662021636963
0.19048526883125305
0.6818982362747192
0.13272416591644287
0.7538114786148071
0.26037272810935974
0.11951097846031189
0.19863677024841309
0.22081252932548523
0.7280923128128052
2.0378835201263428
0.13561733067035675
1.122076392173767
1.0001291036605835
0.9470491409301758
0.5921925902366638
0.21171005070209503
0.24307933449745178
0.12942302227020264
0.22268137335777283
1.14823317527771
1.200125813484192
0.2630879878997803
0.19930632412433624
0.9873918294906616
0.3355243504047394
0.3570711612701416
0.8268454670906067
0.664563775062561
0.6716607213020325
0.27435383200645447
0.9393516182899475
0.56425541639328
0.30504557490348816
0.12166339159011841
0.7923739552497864
0.8910226225852966
0.23159608244895935
0.31572362780570984
1.1620897054672241
0.5927188396453857
0.6531228423118591
0.6994678378105164
1.059644341468811
0.8512300252914429
0.9167119860649109
0.44447118043899536
0.20541054010391235
0.7741410732269287
0.3096676468849182
0.15247386693954468
1.0938621759414673
1.3795454502105713
0.300606906414032
0.3735622763633728
0.33316275477409363
0.3810441493988037
0.17637866735458374
0.30032065510749817
0.13834074139595032
0.19975225627422333
0.2768537104129791
0.31608787178993225
0.23379170894622803
0.1494622826576233
0.24579983949661255
0.241557776927948
0.18880164623260498
1.040053129196167
0.5446755290031433
0.6569930911064148
0.21914255619049072
0.2635279893875122
0.14238396286964417
0.3455607295036316
0.24958336353302002
0.2600353956222534
0.3066009283065796
0.9697691202163696
0.22210636734962463
0.2334079146385193
0.5987135171890259
0.25414445996284485
0.9791845679283142
1.3359744548797607
0.2798140048980713
0.2329895794391632
0.6153212785720825
0.14357417821884155
0.7965850234031677
0.13203029334545135
0.13541461527347565
0.1586739420890808
0.14726224541664124
0.1929299533367157
0.15770229697227478
0.17138272523880005
0.9008740186691284
0.1568659394979477
0.21287286281585693
0.23279103636741638
1.8264176845550537
1.8195149898529053
0.23561489582061768
0.8287671804428101
0.5973535776138306
0.16305068135261536
0.15812358260154724
0.2742873430252075
0.36066222190856934
0.35386815667152405
1.8432929515838623
0.1850084364414215
0.22755488753318787
0.3853764832019806
0.2098236083984375
1.0433614253997803
0.30426478385925293
0.8716660141944885
0.661523699760437
0.28114429116249084
0.9336488246917725
0.23753395676612854
0.18579748272895813
0.2363816499710083
0.9251155853271484
0.9765439033508301
0.10743635147809982
0.2744659185409546
0.36322635412216187
0.9413857460021973
0.14498081803321838
0.18265503644943237
0.36120277643203735
0.680890679359436
0.35109615325927734
0.13703981041908264
0.17327064275741577
0.20795777440071106
1.7123314142227173
1.9084467887878418
0.26686251163482666
1.0357036590576172
0.2892993688583374
0.26751917600631714
0.6843211650848389
0.7901730537414551
0.6071215271949768
1.1048871278762817
1.0211488008499146
0.2614712417125702
0.7190669775009155
0.6382489204406738
0.15490476787090302
0.5727393627166748
0.8368071913719177
0.7803619503974915
0.2841252088546753
0.3185845613479614
0.23441211879253387
0.4964544475078583
0.9783158302307129
0.24236440658569336
0.40095898509025574
0.8275720477104187
0.12351664900779724
0.24628368020057678
0.28382202982902527
0.5054007768630981
0.3208693563938141
0.2861080467700958
0.5732883214950562
0.2644729018211365
0.25275155901908875
0.31560879945755005
0.1845896989107132
0.3577846884727478
0.8592641949653625
0.3491622805595398
0.13381755352020264
0.9743701815605164
1.075618863105774
0.7293510437011719
0.13495726883411407
0.1823810338973999
0.11833582818508148
0.13091900944709778
0.23868775367736816
0.17795662581920624
0.3720794916152954
0.23214924335479736
1.1998233795166016
0.8448275327682495
0.848087728023529
0.23225244879722595
0.15943118929862976
0.2581268548965454
0.3300023674964905
0.26768332719802856
0.16057580709457397
1.7320302724838257
0.2153119146823883
1.3349785804748535
0.2596781849861145
0.690201461315155
0.7270075678825378
0.15654614567756653
0.2067348062992096
0.34648340940475464
0.1833995133638382
0.2352459877729416
0.21493938565254211
0.7484289407730103
0.22061672806739807
0.15651510655879974
0.3189838230609894
0.21814081072807312
0.19111084938049316
0.22358687222003937
0.7817776203155518
0.2001732438802719
0.14252814650535583
0.13670986890792847
0.17079442739486694
1.0827876329421997
0.1708046793937683
0.8074037432670593
0.18253937363624573
0.19181397557258606
1.1295242309570312
1.2607810497283936
0.9079744815826416
0.13578703999519348
1.0927435159683228
0.8203234672546387
0.20383323729038239
0.7255678176879883
0.18684649467468262
0.1439165621995926
0.1810815930366516
0.5793319344520569
2.2423095703125
0.3331287205219269
0.12623581290245056
0.7093583941459656
0.21130655705928802
1.6299374103546143
0.965382993221283
0.26371875405311584
2.0015201568603516
0.6395851969718933
0.27691274881362915
0.19408118724822998
0.26221174001693726
1.0895107984542847
0.26689445972442627
0.34792429208755493
0.5724900960922241
0.6186747550964355
0.17549532651901245
1.0678316354751587
0.3688131868839264
0.16781184077262878
0.18877573311328888
0.261439710855484
0.308489054441452
0.6444207429885864
0.6777814626693726
0.6584864258766174
0.21338608860969543
0.3507062792778015
0.2903541326522827
0.16135776042938232
0.9884511828422546
1.0451148748397827
1.0854592323303223
0.3002188205718994
0.30294063687324524
0.31029212474823
0.21071386337280273
0.2994382977485657
0.16867178678512573
0.31758853793144226
0.581072211265564
0.25606897473335266
0.1780976951122284
0.899692952632904
0.13564296066761017
0.2334093302488327
0.18326503038406372
0.26921242475509644
0.30059298872947693
0.17066937685012817
0.24166370928287506
1.0735851526260376
1.1756542921066284
0.2600904405117035
0.24995426833629608
0.2077285349369049
0.36652034521102905
0.220687597990036
0.21822963654994965
0.2102718949317932
0.15390221774578094
0.10250028967857361
0.2326813042163849
0.21432727575302124
0.21495166420936584
0.2646942734718323
0.1922835111618042
0.1465020775794983
0.11168380081653595
0.1602444350719452
0.1854354739189148
2.0024611949920654
0.13403990864753723
0.12186530232429504
0.6334612965583801
0.797446608543396
0.8647040724754333
0.13486436009407043
0.09279775619506836
0.12378503382205963
0.10067155957221985
1.5447614192962646
0.21099816262722015
0.8362065553665161
0.6784355044364929
0.1844848096370697
0.12890392541885376
0.14985623955726624
0.9965038299560547
0.14368051290512085
0.23939040303230286
0.10311978310346603
0.19583845138549805
0.2513299286365509
0.18103045225143433
0.9451914429664612
0.1121801882982254
0.2692985534667969
1.141810417175293
0.1250036656856537
1.1829944849014282
0.1814589500427246
0.1828320473432541
1.2088583707809448
0.1157386302947998
0.17169499397277832
0.9853038787841797
0.19215981662273407
0.25147098302841187
0.13971832394599915
0.8272509574890137
2.0629806518554688
0.1793140172958374
0.14300113916397095
0.19757938385009766
0.7722218632698059
0.1768028736114502
0.17377933859825134
0.15739084780216217
0.19760869443416595
0.694738507270813
0.15008656680583954
0.8704414367675781
1.1933138370513916
0.9471723437309265
0.8064188957214355
0.2245299220085144
0.26537632942199707
0.1365252137184143
0.9514446258544922
0.6925132870674133
0.2105628252029419
1.0284878015518188
0.10757845640182495
1.5300822257995605
0.13814979791641235
1.6169464588165283
0.7641910910606384
0.2811274528503418
0.16447585821151733
0.6019870638847351
0.24259310960769653
0.21510249376296997
1.2759578227996826
0.764866054058075
0.15129166841506958
0.24113351106643677
0.20575986802577972
0.6816308498382568
0.28222355246543884
0.7705622315406799
0.6609890460968018
0.8319748044013977
0.5814012885093689
0.3716857433319092
0.8505311608314514
0.1174454391002655
0.9074040651321411
0.7391456365585327
0.17495428025722504
0.7975778579711914
1.0683367252349854
1.5264134407043457
0.2550656199455261
0.34189605712890625
1.0684456825256348
0.9457324743270874
0.26002222299575806
1.0518736839294434
0.7311859726905823
1.0368666648864746
0.6609933376312256
0.2747739255428314
0.17718000710010529
0.2821284532546997
0.8061503767967224
0.6632912755012512
0.34712648391723633
0.951921284198761
0.49215367436408997
0.2706853747367859
0.3549453914165497
0.2218470275402069
0.2262977659702301
0.8035643100738525
0.24555975198745728
0.3474143147468567
0.2225753366947174
0.7720575928688049
0.310111939907074
0.41953879594802856
0.3381430506706238
0.228486567735672
0.8198584318161011
0.7950392961502075
0.2579587697982788
0.30225810408592224
0.4728051722049713
0.21632400155067444
0.21611391007900238
0.7495695352554321
1.111997365951538
0.2728928327560425
0.170834019780159
0.23040154576301575
0.8092895746231079
0.27596724033355713
0.2312406301498413
1.0763674974441528
1.3226388692855835
0.23609600961208344
1.1833553314208984
0.2808021903038025
0.8966292142868042
0.2715103030204773
0.31734591722488403
0.266152560710907
0.40063774585723877
0.3695078194141388
0.2803632616996765
0.3554999828338623
1.1079543828964233
1.4478062391281128
0.5436084866523743
0.17611511051654816
0.3187373876571655
0.4419102668762207
0.768679141998291
0.2775806188583374
1.0756192207336426
0.5051751136779785
0.9235048890113831
0.2150810956954956
0.23904703557491302
0.2995339334011078
0.6861628890037537
0.7308912873268127
0.32191482186317444
0.9247917532920837
0.1833983063697815
0.5927031636238098
0.26204633712768555
0.32356691360473633
0.6783398389816284
0.13458731770515442
0.29277530312538147
0.8714950680732727
1.0724167823791504
0.20279359817504883
0.29148727655410767
0.387362003326416
0.17012512683868408
0.8944985866546631
0.8666400909423828
0.13520725071430206
0.9292042851448059
0.16119933128356934
0.6678240299224854
0.19254861772060394
0.221890389919281
0.6371729373931885
0.3510171175003052
0.36491885781288147
0.13418957591056824
0.1407308578491211
0.361224889755249
0.1893332302570343
0.24238544702529907
0.3384891152381897
0.6477054357528687
0.13531653583049774
0.1690843403339386
0.1580548733472824
0.2059389352798462
0.611359179019928
0.16273075342178345
0.2525026500225067
0.15443706512451172
1.0130269527435303
0.27298644185066223
1.8157463073730469
1.2594144344329834
0.32243943214416504
0.305086612701416
0.813400149345398
0.17243894934654236
0.29820090532302856
0.9510629773139954
0.2181360125541687
0.7227380275726318
0.16525211930274963
0.29532238841056824
0.2778633236885071
0.20142173767089844
0.8967652320861816
1.1882836818695068
0.22189533710479736
0.17960405349731445
1.1328246593475342
0.9225662350654602
0.9918463230133057
0.2166745513677597
0.18176883459091187
0.9798733592033386
0.32604169845581055
0.13071000576019287
1.08016037940979
0.2959721088409424
1.2926685810089111
0.34394344687461853
0.7931826710700989
1.2798025608062744
0.0952504351735115
0.2823866009712219
0.2609841823577881
0.3910785913467407
0.27798551321029663
0.2590399980545044
1.260150671005249
0.19613327085971832
0.658599853515625
0.789770245552063
0.3474590480327606
0.8648478984832764
0.6590431332588196
0.11245720088481903
0.5286016464233398
0.235920250415802
0.8266847133636475
0.18811284005641937
0.1779513657093048
0.15117290616035461
1.0034270286560059
0.12504112720489502
0.11447470635175705
0.25128841400146484
0.8290361166000366
0.9613035917282104
0.2577585279941559
0.2454797625541687
0.728854775428772
0.31867319345474243
0.9981173276901245
0.24830353260040283
0.2258869707584381
0.22956696152687073
0.24093380570411682
0.16546230018138885
0.10018950700759888
1.0200066566467285
0.20138928294181824
1.0504792928695679
0.200291708111763
0.9562848210334778
0.1382099688053131
0.13014960289001465
0.21158775687217712
1.2837401628494263
0.3751468062400818
0.24549758434295654
0.6992638111114502
0.33646702766418457
0.26188355684280396
0.7912631034851074
0.15739119052886963
0.18708384037017822
0.2406061887741089
0.8851183652877808
0.19962960481643677
1.0268745422363281
0.9263988137245178
0.30409562587738037
0.14947836101055145
0.9421796798706055
0.6036360263824463
0.3777030110359192
0.19907033443450928
0.2141130268573761
0.9833852648735046
0.97257399559021
1.1363306045532227
1.5160017013549805
0.6299277544021606
0.2466418743133545
0.3521774113178253
0.20915964245796204
0.7492480278015137
0.2859908938407898
0.3865140676498413
0.32824593782424927
0.8248991370201111
0.16654077172279358
0.600564181804657
0.18219763040542603
0.8379545211791992
0.8611348271369934
1.0352904796600342
0.667430579662323
0.23363637924194336
0.24591730535030365
0.13562273979187012
0.21800866723060608
0.1565040946006775
0.1478031575679779
0.7855147123336792
0.7694884538650513
0.6351840496063232
0.2374298870563507
0.23002740740776062
0.9772942066192627
0.6402954459190369
1.1822683811187744
0.2180110216140747
0.13438482582569122
0.3263336420059204
0.16460755467414856
0.17498338222503662
0.2540406882762909
0.23791156709194183
0.6422796249389648
0.2024388611316681
1.168579339981079
0.13041952252388
0.21339288353919983
0.20747855305671692
1.2167593240737915
0.7757384777069092
0.2941150367259979
0.4906775653362274
0.24697797000408173
0.6901074647903442
0.3375709652900696
0.7415931224822998
0.41744405031204224
1.2918641567230225
0.20619764924049377
0.2051653265953064
0.09816662222146988
0.2517756223678589
1.3989815711975098
0.5805860161781311
0.22459742426872253
0.2696956396102905
0.234706312417984
0.25855571031570435
0.7822250127792358
1.1136343479156494
0.19599546492099762
0.16041013598442078
0.21728888154029846
0.9493052959442139
0.329474538564682
0.12091562151908875
0.19087067246437073
0.25269633531570435
0.18172742426395416
1.3884284496307373
0.22486543655395508
0.22979679703712463
0.7047938108444214
0.3622731566429138
0.8118448257446289
0.33243587613105774
0.25446510314941406
0.9180424809455872
0.30337488651275635
0.2672986388206482
0.2097400575876236
0.19633330404758453
0.85943204164505
0.22813290357589722
1.1234716176986694
1.0543256998062134
0.1292838156223297
0.27688169479370117
0.23999103903770447
0.9473600387573242
0.2622099220752716
0.589084804058075
0.8836392164230347
0.8336150050163269
0.6196391582489014
0.17990437150001526
0.33138903975486755
0.2994115948677063
0.30731141567230225
0.18757706880569458
1.1464831829071045
0.510594367980957
0.27837133407592773
1.0100808143615723
1.3094717264175415
0.26162466406822205
0.2285774052143097
0.14946167171001434
0.2293415665626526
0.14284297823905945
0.20590202510356903
0.1224590390920639
0.2809453308582306
0.16393601894378662
0.21523037552833557
0.8900256752967834
0.17296966910362244
0.1271311640739441
0.2296573519706726
0.1357869654893875
0.22224897146224976
0.10303952544927597
0.1908578723669052
0.8206011056900024
0.21002838015556335
0.22099292278289795
0.11277448385953903
1.0317585468292236
0.25317057967185974
1.14497971534729
0.7905892729759216
0.2308792620897293
0.8596424460411072
0.7534950375556946
0.10907609760761261
0.1651342362165451
0.262973427772522
1.139919400215149
1.320511817932129
1.602217674255371
0.22290198504924774
0.25077179074287415
0.20885489881038666
0.9991703629493713
0.17371198534965515
0.2732650935649872
0.7756015062332153
0.17696627974510193
0.14071016013622284
0.9073138236999512
0.17327576875686646
0.10548309236764908
0.16844528913497925
0.19767287373542786
0.25692474842071533
1.0751482248306274
1.0740069150924683
0.15070968866348267
0.9382319450378418
0.6561319828033447
0.35626494884490967
1.0376852750778198
1.073464274406433
0.24290743470191956
0.2380886673927307
1.0696866512298584
1.0435802936553955
1.2129878997802734
0.18129178881645203
0.9774390459060669
0.14922383427619934
0.2595977187156677
0.24920040369033813
0.797001838684082
0.30924496054649353
0.2160302996635437
0.2117748111486435
1.1966657638549805
0.224080428481102
0.23223480582237244
0.25565654039382935
0.25263941287994385
0.630203902721405
0.2352541834115982
0.856127917766571
0.9609809517860413
0.7163153290748596
0.1449062079191208
1.1504216194152832
0.35013678669929504
0.2877841293811798
0.17878860235214233
0.8727228045463562
0.13723257184028625
0.9517063498497009
0.19723308086395264
0.31791451573371887
0.6289543509483337
0.18182092905044556
0.2817069888114929
0.44340890645980835
0.13905063271522522
0.3494192957878113
0.964692234992981
1.5288217067718506
1.7907122373580933
0.2162196934223175
0.2307119220495224
0.15171903371810913
0.29781806468963623
0.23176118731498718
0.2999780774116516
0.1605851948261261
0.29795992374420166
0.6401089429855347
0.16487601399421692
0.19410818815231323
0.5429529547691345
1.4652938842773438
0.2956176996231079
0.203364759683609
1.0051263570785522
1.5133068561553955
0.15960121154785156
0.12176939100027084
0.22560656070709229
1.8541284799575806
0.1843976378440857
1.2345892190933228
0.27039623260498047
0.25851741433143616
0.4403951168060303
0.4201994240283966
0.27478787302970886
0.9721337556838989
0.8566898703575134
0.5567865967750549
0.572013258934021
0.22520865499973297
0.3160099387168884
0.3050021529197693
0.1799408495426178
0.8098061084747314
1.1855617761611938
0.31162694096565247
0.6172653436660767
0.1749633103609085
0.1271706223487854
0.26241937279701233
0.2791181802749634
1.4970769882202148
0.8431775569915771
0.2510063350200653
1.09152090549469
0.7808211445808411
0.6475657820701599
0.19838067889213562
0.20637430250644684
0.27184590697288513
0.47909122705459595
0.23875471949577332
1.0726076364517212
0.16225311160087585
0.2190265655517578
1.4218008518218994
0.9640469551086426
0.3833198547363281
0.22804933786392212
0.22653084993362427
0.17721590399742126
0.3151068389415741
0.289024293422699
0.2272111177444458
0.5161070823669434
0.8790074586868286
0.18888622522354126
0.21513062715530396
0.29921993613243103
0.3220520615577698
0.28504908084869385
0.5950862169265747
0.192670077085495
0.8796342015266418
0.23350182175636292
0.1798231154680252
0.22820746898651123
0.3788757026195526
0.2352372407913208
0.20271176099777222
1.2477368116378784
0.744026243686676
1.206795573234558
1.013668179512024
1.1658692359924316
0.8397665023803711
1.3295683860778809
1.0861101150512695
0.508143424987793
0.2961706817150116
0.9741619825363159
1.729734182357788
0.1449635773897171
1.2075541019439697
0.22132742404937744
0.25302383303642273
1.1214826107025146
1.0588382482528687
0.7865627408027649
0.330543577671051
0.2432180792093277
0.22653496265411377
0.3040012717247009
0.40163522958755493
0.20133155584335327
0.3041258454322815
0.7687584161758423
0.7941827774047852
0.34702393412590027
0.32126474380493164
0.26571130752563477
0.3092211186885834
0.3358513116836548
0.7280095219612122
0.28471052646636963
0.23628678917884827
0.36575910449028015
0.2609463930130005
0.19645877182483673
0.6824178695678711
0.5520556569099426
0.6209162473678589
0.6013469099998474
0.40030258893966675
0.20817242562770844
0.2639103829860687
0.11475615203380585
0.30796200037002563
0.21771791577339172
0.8699031472206116
0.19544753432273865
0.8445725440979004
0.24253396689891815
0.6628272533416748
0.18249285221099854
0.16206133365631104
0.2843279540538788
0.2285633236169815
0.2554740309715271
0.15300175547599792
0.2553057074546814
0.2564019560813904
1.2499924898147583
0.8759663105010986
0.3204375207424164
0.28564995527267456
0.22623708844184875
0.2684873044490814
0.3856257498264313
0.23352918028831482
0.7031066417694092
0.2820104956626892
0.15978363156318665
0.18534594774246216
0.7505792379379272
0.3456670641899109
0.7414982318878174
0.2865831255912781
0.3157535493373871
0.2253066599369049
0.22275410592556
1.0567010641098022
1.1188318729400635
0.27661335468292236
0.23767611384391785
0.22321799397468567
0.18618078529834747
1.1757078170776367
0.176894873380661
1.2121860980987549
0.21968403458595276
0.19707676768302917
0.25470083951950073
0.1560991406440735
0.563616931438446
1.463686227798462
0.6863187551498413
0.9225473999977112
1.0703386068344116
0.17014837265014648
0.21852895617485046
0.2538902461528778
0.8322186470031738
0.2934817373752594
0.1601232886314392
0.23753613233566284
1.3758442401885986
0.2189951390028
0.26297372579574585
0.16523268818855286
0.9402605295181274
1.262438416481018
0.20644094049930573
1.1840331554412842
0.24592727422714233
0.1926916539669037
2.480192184448242
0.7057005763053894
0.22563666105270386
0.22195419669151306
0.28372639417648315
1.0707870721817017
0.903514564037323
0.1438962072134018
0.22779592871665955
1.2686214447021484
0.21495091915130615
0.2997846007347107
0.14630605280399323
0.26677796244621277
0.325095534324646
0.1699591875076294
0.23569834232330322
0.1563153862953186
0.9702834486961365
1.3171756267547607
0.17794403433799744
0.15011578798294067
0.2263968586921692
0.2033863365650177
0.2625546455383301
0.15232425928115845
0.26501500606536865
0.42961663007736206
0.1998584270477295
0.2381834089756012
0.31062576174736023
1.1229169368743896
0.3396011292934418
0.9600505232810974
0.2569604218006134
0.2618113160133362
0.17233210802078247
0.15972843766212463
0.1496385782957077
0.17576545476913452
1.589418888092041
0.24625158309936523
0.1732267439365387
0.2512204349040985
0.19638988375663757
0.12179754674434662
0.10595132410526276
0.24224814772605896
0.7184459567070007
0.16225767135620117
1.1858452558517456
0.9804242253303528
0.8555017113685608
1.166684865951538
0.11798179149627686
0.2540220022201538
1.1451841592788696
1.8330552577972412
0.6149052977561951
1.0173447132110596
1.0832626819610596
0.19644895195960999
0.26462411880493164
0.20627745985984802
0.2372514307498932
0.27767395973205566
0.16479149460792542
0.1993660181760788
0.3019748628139496
0.17031703889369965
0.15632909536361694
0.3407222330570221
0.17109602689743042
0.7176470160484314
1.0534225702285767
0.7330495119094849
0.12718001008033752
0.24727024137973785
0.21750707924365997
1.2038705348968506
1.0304973125457764
0.8207283020019531
0.8768731355667114
0.20498007535934448
0.9570915699005127
1.1342841386795044
0.24811479449272156
0.1307331919670105
1.5277764797210693
0.9082499146461487
0.26333004236221313
0.9065303802490234
1.6575995683670044
1.6687266826629639
0.7139385938644409
0.32196044921875
0.7201242446899414
0.29031676054000854
0.2951216697692871
0.8948090076446533
0.24284936487674713
0.20709162950515747
0.28224673867225647
0.3314819633960724
0.2077094167470932
0.7798493504524231
0.8018012046813965
0.32771533727645874
0.8666048049926758
0.6545723080635071
0.20804470777511597
0.26393041014671326
0.6134871244430542
0.9306830167770386
0.685033917427063
0.2551243305206299
0.22403216361999512
0.3661101162433624
0.30096808075904846
0.26801958680152893
0.15165096521377563
0.24273735284805298
0.8602229952812195
0.2581087648868561
0.2482094168663025
0.19883812963962555
0.23028075695037842
0.21814364194869995
1.2179524898529053
1.0561437606811523
0.19417889416217804
0.24691042304039001
0.1576613038778305
0.6935218572616577
0.8859477043151855
0.2103087306022644
0.16498669981956482
0.2713949382305145
1.125262975692749
1.0429039001464844
0.18760375678539276
0.2265840768814087
0.9492225646972656
0.2804930806159973
1.1279168128967285
0.19851446151733398
0.7865411043167114
0.2187867909669876
0.19704166054725647
0.36070308089256287
1.0729897022247314
0.25591614842414856
0.12509578466415405
0.18609607219696045
0.3120507597923279
0.24366864562034607
0.11873245984315872
0.2317706048488617
0.23218438029289246
0.656693696975708
0.18201163411140442
0.1730055958032608
0.18666596710681915
0.2333577573299408
0.17193034291267395
0.9752016663551331
0.21013247966766357
0.7974039316177368
0.12106262147426605
0.13619840145111084
0.2677021324634552
0.22023652493953705
1.3449081182479858
0.7121145725250244
0.22224560379981995
0.1893928200006485
0.8672197461128235
0.15614622831344604
0.16928276419639587
0.13989092409610748
0.7681258916854858
0.225206658244133
0.16545656323432922
0.9104543328285217
0.9169034957885742
1.2309510707855225
0.2211344838142395
0.15088099241256714
0.2186054289340973
0.9837682247161865
0.16038046777248383
0.7498763203620911
0.15741468966007233
1.2515674829483032
0.128353551030159
0.7196053862571716
0.13880528509616852
0.16786278784275055
0.7914018034934998
0.16173526644706726
0.22117507457733154
0.984890878200531
0.1727975755929947
0.18530228734016418
0.1572462022304535
0.27321484684944153
0.1980251669883728
0.20879650115966797
0.21806928515434265
0.33378517627716064
1.1212365627288818
0.24500098824501038
0.8358290791511536
0.7197802662849426
0.1965387761592865
0.7942841649055481
1.7991355657577515
0.14689284563064575
0.15342578291893005
0.13182833790779114
0.7837055325508118
0.16568854451179504
0.2003023624420166
0.11183705925941467
0.8310944437980652
0.8011235594749451
0.31059980392456055
0.2082962542772293
0.28434985876083374
1.6886374950408936
1.9854990243911743
0.1488696038722992
0.18696211278438568
0.15137964487075806
0.796994686126709
0.837367832660675
0.7445276379585266
0.2923506498336792
0.11696839332580566
0.16166529059410095
0.24925640225410461
1.0260288715362549
1.7297980785369873
0.6676844954490662
0.156917542219162
0.3032572865486145
0.29098162055015564
0.8228076100349426
0.15117432177066803
1.1019866466522217
0.757479190826416
0.6872377395629883
0.2343149036169052
0.20478583872318268
1.9953577518463135
0.26976048946380615
1.1722718477249146
0.5912400484085083
0.36927083134651184
0.21987861394882202
0.1638868898153305
0.24282915890216827
0.31670302152633667
0.6960316300392151
1.510679841041565
0.23755349218845367
1.7360302209854126
0.309209406375885
0.251390278339386
0.30476510524749756
0.6479274034500122
0.23028457164764404
0.21338342130184174
0.38648220896720886
1.0911242961883545
0.469262957572937
0.197950080037117
0.21140876412391663
0.32772865891456604
0.16116110980510712
0.1845276951789856
0.2694043517112732
1.1228779554367065
0.27399754524230957
0.8536510467529297
0.15085645020008087
0.8210232853889465
0.9894586801528931
1.2483835220336914
0.2586970031261444
0.8286104798316956
0.8839191794395447
1.0412424802780151
0.19471563398838043
0.2913176715373993
0.3323902189731598
0.8555826544761658
0.19116303324699402
0.6219035387039185
1.0453568696975708
1.3964850902557373
0.20748406648635864
0.19388428330421448
0.824433445930481
0.7229692339897156
1.096683382987976
0.8429352641105652
1.132476806640625
0.31673505902290344
1.2839076519012451
0.2840970754623413
0.8601261377334595
0.7402852773666382
0.8538706302642822
0.3238486647605896
0.772790789604187
0.7122021913528442
0.22087900340557098
0.35746291279792786
0.2876824140548706
0.9415668249130249
0.34295105934143066
0.4214640259742737
0.6472682952880859
0.23717257380485535
0.9682213068008423
0.5125182867050171
0.271350622177124
0.9495497345924377
0.6620597839355469
0.32362520694732666
0.27025729417800903
0.19199663400650024
0.36125069856643677
0.7643229961395264
1.3649083375930786
0.4072476327419281
0.30722323060035706
0.33206719160079956
0.9462944269180298
0.33487462997436523
0.6879131197929382
0.8803141713142395
0.2987902760505676
0.23124387860298157
0.2620154023170471
0.21786296367645264
0.21538519859313965
0.8952398896217346
0.8381177186965942
0.22512683272361755
0.740382730960846
1.326915979385376
0.15370610356330872
0.24406373500823975
0.3555401563644409
1.0171220302581787
0.2822571098804474
1.2903861999511719
0.43656861782073975
0.3621046543121338
0.147301584482193
0.3183634579181671
1.0985932350158691
0.3253180980682373
0.3470178246498108
0.24214035272598267
0.26009806990623474
0.2361142635345459
0.3521154820919037
0.6977484226226807
0.3966149687767029
0.6986559629440308
0.7687730193138123
0.7258057594299316
0.26922518014907837
0.7206436395645142
0.719458818435669
1.258007287979126
0.2788199782371521
0.20367583632469177
0.7496618628501892
0.8089478611946106
0.7257207036018372
0.19983366131782532
0.8676393032073975
0.2815268039703369
0.6479449272155762
0.37020987272262573
0.3937893211841583
0.305086612701416
0.2039937674999237
0.8628386855125427
0.20606470108032227
0.23510320484638214
0.1880677342414856
0.7422095537185669
0.32515132427215576
0.9370033144950867
0.2626017928123474
0.2478356659412384
0.41880661249160767
0.22770559787750244
0.6523232460021973
1.0217082500457764
0.291273295879364
0.37559735774993896
0.36178386211395264
0.29058223962783813
0.7155883312225342
0.42257529497146606
0.20097589492797852
0.9610077738761902
0.9826536774635315
0.2991531491279602
0.26006022095680237
0.2428482621908188
0.13955748081207275
0.21974697709083557
0.8164559602737427
0.2656642198562622
0.6762589812278748
0.26114124059677124
0.30863454937934875
0.22307926416397095
0.15338139235973358
0.7423989176750183
0.1471845805644989
0.29869216680526733
0.23741208016872406
0.23433536291122437
0.16200080513954163
0.3176518380641937
0.2051709145307541
1.1187573671340942
0.16633430123329163
0.32192444801330566
1.700821876525879
0.27039527893066406
0.2496723234653473
0.16885647177696228
0.9102969169616699
0.21152755618095398
0.2570972442626953
0.16327150166034698
0.15116089582443237
0.19220545887947083
1.060974359512329
0.9331295490264893
0.264970064163208
0.1984502673149109
0.9479223489761353
0.16212019324302673
1.6436142921447754
0.14112769067287445
1.1426838636398315
1.3524799346923828
0.2798740267753601
0.1490248143672943
0.241853728890419
0.0890188217163086
0.1662074625492096
0.19106076657772064
0.3370509147644043
0.3157024085521698
0.27459800243377686
0.15145203471183777
0.20660650730133057
0.2813737392425537
0.9628264904022217
0.8464255332946777
0.211177796125412
0.16683003306388855
1.3146028518676758
0.2800489068031311
0.9779250621795654
0.16612505912780762
1.039065957069397
0.225956991314888
0.7551184892654419
0.22483554482460022
0.25169670581817627
0.2325294017791748
0.20652389526367188
1.3096423149108887
0.23473209142684937
0.9348631501197815
0.209852933883667
0.1757993996143341
0.19658616185188293
0.7148942947387695
0.22287583351135254
0.1647941768169403
0.2309356927871704
0.2605202794075012
1.0403445959091187
1.1288820505142212
1.1367255449295044
0.18388882279396057
0.09852689504623413
0.1670125424861908
0.15989506244659424
0.11283144354820251
0.1454213261604309
0.8333224654197693
0.17012576758861542
1.1343435049057007
1.0973137617111206
0.6309224367141724
0.27914443612098694
0.7617774605751038
0.27027425169944763
0.23531651496887207
0.28819170594215393
0.9598642587661743
0.1421378254890442
0.1996709406375885
0.13288870453834534
0.16530582308769226
0.22675535082817078
0.17148259282112122
0.22218631207942963
0.14783692359924316
0.8317150473594666
0.9325118660926819
0.13554947078227997
0.1281953901052475
0.12901322543621063
0.1546393185853958
0.8851230144500732
0.2321053445339203
0.9646066427230835
0.22981417179107666
1.219502329826355
1.178167462348938
0.29672062397003174
1.5211114883422852
1.4130656719207764
0.21397273242473602
0.24254870414733887
0.25128430128097534
0.1450362652540207
0.10780400037765503
0.2130080610513687
0.3518294095993042
0.18071824312210083
1.900498867034912
0.9369499683380127
0.19886450469493866
0.9649119973182678
0.3053988218307495
0.2268495261669159
0.2939712703227997
0.15380564332008362
0.19670096039772034
1.0300148725509644
0.20368222892284393
0.24093425273895264
0.2651306986808777
0.8655251860618591
0.2525135576725006
0.19849690794944763
0.1831461787223816
0.9312354922294617
0.2389102727174759
0.10963408648967743
1.451687216758728
0.21105808019638062
0.21464702486991882
0.8417028188705444
0.1659945845603943
0.8614358305931091
0.2648533284664154
0.8412628173828125
0.21679414808750153
0.15602558851242065