0.6430149078369141
0.6500222682952881
0.7168334126472473
0.6725277304649353
0.5599260330200195
0.6665218472480774
0.5166172981262207
0.577102780342102
0.5943561792373657
0.6035455465316772
0.530249834060669
0.5400254130363464
0.5142593383789062
0.7204909324645996
0.7321318984031677
0.6278694868087769
0.5075061321258545
0.5063644051551819
0.6450914144515991
0.5827083587646484
0.613074541091919
0.4465911388397217
0.4485071301460266
0.7128266096115112
0.5184204578399658
0.6781986951828003
0.5736361742019653
0.48692232370376587
0.6092036366462708
0.610238254070282
0.6346907615661621
0.514901876449585
0.42616045475006104
0.6857073307037354
0.6252803802490234
0.5909010171890259
0.6302999258041382
0.5866794586181641
0.4647016227245331
0.7927851676940918
0.749558687210083
0.4770399034023285
0.709995448589325
0.5348075032234192
0.5079371929168701
0.5755673050880432
0.44689029455184937
0.4352407157421112
0.42558345198631287
0.43299752473831177
0.726155161857605
0.5067958831787109
0.6111561059951782
0.42569106817245483
0.7451964616775513
0.4879817068576813
0.40430259704589844
0.5840198397636414
0.6238262057304382
0.352116197347641
0.6191837191581726
0.9007473587989807
0.5301002264022827
0.6011127829551697
0.5411263704299927
0.42909812927246094
0.6751846075057983
0.41649237275123596
0.7231339812278748
0.5786537528038025
0.4848077595233917
0.4129050076007843
0.39876478910446167
1.0399290323257446
0.6042543649673462
0.5447973608970642
0.34174925088882446
0.9856023788452148
0.5708853006362915
0.5458344221115112
0.8003506064414978
0.6015365719795227
0.5263890624046326
0.5838204622268677
0.6920186281204224
0.40016454458236694
0.3778231739997864
0.47936517000198364
0.7890235185623169
0.6161080002784729
0.43917012214660645
0.5847796201705933
0.46418654918670654
0.7654857635498047
0.4480099678039551
0.561538577079773
0.5836343765258789
0.6033573150634766
0.5369433164596558
0.8199161291122437
0.4053652286529541
0.35849690437316895
0.3229939341545105
0.33278143405914307
0.7913413643836975
0.8384082317352295
0.8576557636260986
0.3477335274219513
0.5679918527603149
0.6163960695266724
0.7745221257209778
0.6278218030929565
0.5306191444396973
0.652245044708252
0.6349743604660034
0.3247222900390625
0.549178957939148
0.33072429895401
0.5594892501831055
0.6157456636428833
0.5991080403327942
0.3593176305294037
0.35184553265571594
0.4059164524078369
0.3686489164829254
0.6398182511329651
0.36156243085861206
0.5895178318023682
0.36082184314727783
0.5293256044387817
0.3439452052116394
0.3431504964828491
0.3615112006664276
0.7730095386505127
0.3315093219280243
0.5652298331260681
0.542056679725647
0.5492137670516968
0.6357787251472473
0.8424455523490906
0.794696569442749
0.8421539068222046
0.54438316822052
0.523019552230835
0.5980608463287354
0.3143964409828186
0.8638035655021667
0.6193736791610718
0.30897215008735657
0.5685778856277466
0.3047816753387451
0.5863001346588135
0.5527838468551636
0.6645817756652832
0.5680032968521118
0.5572808980941772
0.5654303431510925
0.5980117917060852
0.3111748695373535
0.2853084206581116
0.32188013195991516
0.570114254951477
0.28228574991226196
0.27767449617385864
0.2752962112426758
0.5394359827041626
0.5843086242675781
0.8902636170387268
0.29033997654914856
0.30098456144332886
0.7388960123062134
0.30788055062294006
0.3528236746788025
0.3295879662036896
0.600450873374939
0.39172157645225525
0.28458160161972046
0.8552908897399902
0.2798919379711151
0.2708268165588379
0.28449171781539917
0.30497294664382935
0.8580936193466187
0.2761958837509155
0.5706528425216675
0.5120910406112671
0.5378782749176025
0.28348857164382935
0.5126515626907349
0.536980390548706
0.5576581954956055
0.5321229696273804
0.8364177942276001
0.25103309750556946
0.25929221510887146
0.29876232147216797
0.8442630171775818
0.2672150135040283
0.25688621401786804
0.3120349645614624
0.25833970308303833
0.3220621347427368
0.5097837448120117
0.5387357473373413
0.5813495516777039
0.6166647672653198
0.5501500368118286
0.5947995185852051
0.6448554992675781
0.2512342929840088
0.5523900985717773
0.24773620069026947
0.2708664834499359
0.9151642322540283
0.5422062873840332
0.2656363248825073
0.25579747557640076
0.9265007972717285
0.5945122241973877
0.30862677097320557
0.9643710851669312
0.6944929361343384
0.9020193815231323
0.6732883453369141
0.5740849375724792
0.9227323532104492
0.5792902112007141
0.9475334286689758
0.5511891841888428
0.2434641420841217
0.6855604648590088
1.1884158849716187
0.24742622673511505
0.8595365881919861
0.5926869511604309
0.25586292147636414
0.5791677236557007
0.23797723650932312
0.28084343671798706
0.5693954825401306
0.2742335796356201
0.5393239259719849
0.29524293541908264
0.27550292015075684
0.4931185841560364
0.5206709504127502
0.25005167722702026
0.5082792043685913
0.5114304423332214
0.5523474812507629
0.5782934427261353
0.5922236442565918
0.6333725452423096
0.20929387211799622
0.5404000282287598
0.24567624926567078
0.23996008932590485
0.5601164102554321
0.5766738057136536
0.23784947395324707
0.7720006704330444
0.2854481637477875
0.45222631096839905
0.26610612869262695
0.5049601793289185
0.5845407247543335
0.8305692076683044
0.5799621343612671
0.6118674278259277
0.24884679913520813
0.6389280557632446
0.5326362252235413
0.2500154972076416
0.2853121757507324
0.5426784157752991
0.2731635570526123
0.2809123992919922
0.2396722137928009
0.5529220104217529
0.2890942096710205
0.5880739688873291
0.5701110363006592
0.9516338109970093
0.8833292722702026
0.5769146084785461
0.2552301287651062
0.5656899809837341
0.23699262738227844
0.2537356913089752
0.5475555658340454
0.2507416605949402
0.5567693710327148
0.5259741544723511
0.8822317719459534
0.6094075441360474
0.25948986411094666
0.5640616416931152
0.26511648297309875
0.201432004570961
0.19428309798240662
0.583789050579071
0.5632414817810059
0.9456397294998169
0.5391894578933716
0.5813302397727966
0.4995216727256775
0.1961466372013092
0.5739294290542603
0.919634222984314
0.2252606898546219
0.63499915599823
0.5650220513343811
0.24017465114593506
0.27740299701690674
0.5709424018859863
0.222781702876091
0.771210789680481
0.5328138470649719
0.2181415557861328
0.6066610217094421
0.657425045967102
0.23212754726409912
0.5600161552429199
0.5348566770553589
0.5530655980110168
0.5613860487937927
0.582859992980957
0.21505482494831085
0.28616318106651306
0.521499514579773
0.24076426029205322
0.22261756658554077
0.5650078058242798
0.23082943260669708
0.2328042984008789
0.5805772542953491
0.8893094062805176
0.8435325622558594
1.202547311782837
0.6474659442901611
0.23179131746292114
0.6058855056762695
0.27969181537628174
0.5841163992881775
0.27460068464279175
1.5005910396575928
0.59425950050354
0.2256847321987152
0.5513015985488892
0.21599015593528748
0.546046793460846
0.5337651968002319
0.5080502033233643
0.6394541263580322
0.24074608087539673
0.637487530708313
0.9339100122451782
0.2270926833152771
0.8849337100982666
0.9989199638366699
0.5710838437080383
0.6366544365882874
0.6197623014450073
0.26887065172195435
0.8731508851051331
0.24348044395446777
0.593839704990387
0.594929039478302
0.5873044729232788
0.22177831828594208
0.5727497339248657
0.5748937129974365
0.4668479561805725
0.554961085319519
0.25933530926704407
0.9373301267623901
0.26868367195129395
0.27192527055740356
0.5680714845657349
0.25231900811195374
0.19869324564933777
0.27649518847465515
0.27422159910202026
0.587800920009613
0.23824669420719147
0.47716963291168213
1.1309740543365479
0.5820826292037964
0.6023475527763367
0.5306482911109924
0.25355151295661926
0.884324312210083
0.2370707392692566
1.1322529315948486
0.5840879082679749
0.5822188854217529
0.5180484056472778
0.25137215852737427
1.0295146703720093
0.23378247022628784
0.6022729873657227
0.5166064500808716
0.5354451537132263
0.8412818312644958
0.5643453001976013
0.5396203398704529
0.6278504729270935
0.22628967463970184
0.7983288764953613
0.7637953162193298
0.504043698310852
0.24745680391788483
0.5047577023506165
1.2356188297271729
0.2258094698190689
0.23918938636779785
0.97453773021698
0.5759013295173645
0.5589265823364258
0.683096170425415
0.5167960524559021
0.5058487057685852
0.23307690024375916
0.21249178051948547
0.5832614898681641
0.7954522371292114
0.4965347349643707
0.18987828493118286
0.7802450656890869
0.2726481854915619
0.8062291145324707
0.552451491355896
0.22438177466392517
1.178655982017517
0.29680725932121277
0.5495058298110962
0.5798265337944031
0.2254561185836792
0.2558009624481201
0.27318722009658813
0.8647688627243042
0.5203158259391785
0.2487976849079132
0.4591086506843567
0.5946903228759766
0.25087785720825195
0.5151352286338806
0.8865970969200134
0.28012385964393616
0.8479294776916504
0.5561068058013916
0.5547171831130981
0.24432021379470825
0.6001638174057007
0.27691662311553955
0.2477525770664215
0.22423669695854187
0.9418147802352905
0.24953049421310425
0.2666536569595337
0.2544190585613251
0.9554947018623352
0.22397536039352417
0.5541612505912781
0.3239038288593292
0.6052649021148682
0.5997577905654907
0.26019972562789917
0.8612873554229736
0.5192050933837891
0.606551468372345
0.2578650712966919
0.5957387089729309
0.26523643732070923
0.23955568671226501
0.8761427402496338
0.23737165331840515
0.608322024345398
0.5185410380363464
0.47716444730758667
0.21328695118427277
0.84479159116745
0.9489461183547974
0.2468334287405014
0.24995753169059753
0.5832176208496094
0.5889651775360107
0.5435824990272522
0.24065986275672913
0.5150130391120911
0.6170341372489929
0.5378294587135315
0.8670980930328369
0.5916286110877991
0.2583007216453552
0.25391778349876404
0.6142886281013489
0.2541895806789398
0.4779808521270752
0.5577818155288696
0.9591749906539917
0.25449109077453613
0.8072408437728882
0.23956984281539917
0.5069805383682251
0.22305864095687866
0.2561187446117401
0.5509777665138245
0.536989688873291
0.5773736238479614
0.21357619762420654
0.24014729261398315
0.8730331659317017
1.1499738693237305
0.2495233416557312
0.29238104820251465
0.5286529064178467
0.9208257794380188
0.5729578137397766
0.5603962540626526
0.23414193093776703
0.8399667739868164
0.5162233710289001
0.789661705493927
0.5217258930206299
0.25741976499557495
0.5032646656036377
0.24988999962806702
0.1872604489326477
0.2199692279100418
0.4934094250202179
0.25864213705062866
0.5698202252388
0.47008317708969116
0.5299639701843262
0.8299465179443359
0.23513466119766235
0.27044960856437683
0.2352902889251709
1.012343406677246
0.22451533377170563
0.5593864321708679
0.7853530645370483
0.5455417037010193
0.5577244162559509
0.45880597829818726
0.22720776498317719
0.2491583675146103
0.24698960781097412
0.5292664170265198
1.0295954942703247
0.24283047020435333
0.9843917489051819
0.2825869023799896
0.2025521844625473
0.23582252860069275
0.5375767350196838
0.5740060806274414
0.5248821377754211
0.2558705806732178
0.2669203281402588
0.2529152035713196
0.5865524411201477
0.22628185153007507
0.2679339647293091
0.23086251318454742
0.4535520672798157
0.5443271398544312
0.5685301423072815
0.5196932554244995
1.18520188331604
0.5444422364234924
0.21387319266796112
0.62680584192276
0.8170880079269409
0.21015089750289917
0.8381022214889526
0.9892337918281555
0.2485855221748352
0.9544185400009155
0.20852451026439667
1.076904296875
0.571596622467041
1.244436502456665
0.2159426212310791
0.29330360889434814
0.20844873785972595
0.5174654722213745
0.6306694746017456
0.5086976885795593
0.24722839891910553
0.6023389101028442
0.8945142030715942
0.4930047392845154
0.22949300706386566
0.2889242172241211
0.6766985058784485
0.9202560186386108
0.5798498392105103
0.9296588897705078
0.7936164736747742
0.650085985660553
0.19678866863250732
0.2349080741405487
0.6231529712677002
0.49294406175613403
0.4844890832901001
0.9239688515663147
0.27403777837753296
0.9225754141807556
0.5016354918479919
0.27880436182022095
0.5859349370002747
0.5630267262458801
0.46425119042396545
0.5297811031341553
0.5694658756256104
0.4734310507774353
0.5899779796600342
0.24044497311115265
0.744398295879364
0.8804279565811157
0.9044202566146851
0.31729018688201904
0.5330488681793213
0.2656448483467102
0.2629159986972809
0.20530948042869568
0.6168120503425598
0.6246275305747986
0.2845671772956848
0.5409132242202759
0.6163212060928345
0.5634366869926453
0.24475924670696259
0.31323856115341187
0.8236815333366394
0.6081699132919312
0.9191307425498962
0.2473539561033249
0.2738880515098572
0.7290967702865601
0.5275311470031738
0.566778302192688
0.5768666863441467
0.7374818325042725
0.9040905833244324
0.6029956340789795
0.4840933680534363
0.8335025310516357
0.6127685904502869
0.23682883381843567
0.5135895013809204
0.8187700510025024
0.5209698677062988
0.2502096891403198
0.9794529676437378
0.4569241404533386
0.6652995347976685
0.2265753448009491
0.3011912405490875
0.5490221381187439
0.4831697940826416
0.8761186599731445
0.6154475212097168
0.5564051270484924
0.8961894512176514
0.2626972496509552
1.0295538902282715
0.28181037306785583
0.25021660327911377
0.2717488706111908
0.2633713483810425
0.26008397340774536
0.5745389461517334
0.2420884370803833
0.5894789695739746
0.31110596656799316
0.504654049873352
0.5975176692008972
0.7673547267913818
0.30864015221595764
0.5358701348304749
0.2598349153995514
0.29561251401901245
0.5635131597518921
0.8253810405731201
0.3012290894985199
0.5284745693206787
0.5569764971733093
0.7076523900032043
0.26059091091156006
0.5569251179695129
0.5446467995643616
0.5904122591018677
0.21633993089199066
0.54726642370224
0.2695908546447754
0.8561259508132935
0.7742735147476196
0.26941007375717163
0.657118558883667
0.24069927632808685
0.4824046492576599
0.5704043507575989
0.6069226861000061
0.5766485929489136
0.46894434094429016
0.20981840789318085
0.760225772857666
1.0540378093719482
0.46230366826057434
0.6054791212081909
0.23122157156467438
0.2903853952884674
0.24383538961410522
0.2828727066516876
0.2729032039642334
0.2673683166503906
0.940832257270813
0.26316940784454346
0.23959502577781677
0.20291617512702942
0.21584314107894897
0.5192307829856873
0.2611081004142761
1.0181033611297607
0.5653243064880371
0.4492918848991394
0.23128089308738708
0.6234607696533203
0.16921228170394897
0.6465036869049072
0.5147495865821838
0.6305845975875854
0.7424297332763672
0.2665631175041199
0.6895871162414551
0.24643704295158386
0.8080633878707886
0.7510915994644165
0.20024989545345306
1.2454214096069336
0.5473097562789917
0.46529459953308105
0.22831842303276062
0.19061246514320374
0.22366929054260254
0.827120840549469
0.2530616819858551
0.6442700028419495
0.7873444557189941
0.8075759410858154
0.5077946782112122
1.2136740684509277
0.506372332572937
0.5649276971817017
0.2733844220638275
0.2603398561477661
0.6652761697769165
0.5742032527923584
0.5482946634292603
0.2688722014427185
0.6230874061584473
0.20011578500270844
0.49346545338630676
0.2402769923210144
0.8007203340530396
0.6361433267593384
0.26472148299217224
0.6262871026992798
0.2625626027584076
0.5135231018066406
0.5273889303207397
0.23202171921730042
0.9576711654663086
0.45951083302497864
0.22935986518859863
0.18961673974990845
0.5383037328720093
0.2759493887424469
0.2170790731906891
0.5728794932365417
0.555411159992218
0.2089911699295044
0.5017621517181396
0.27509209513664246
0.49694204330444336
0.9640594720840454
0.518876314163208
0.5959106683731079
0.2391708791255951
0.2123168408870697
0.2946232855319977
0.8829025030136108
0.24861644208431244
0.19642019271850586
0.5368841290473938
0.5990114212036133
0.6252925395965576
0.4820476770401001
0.46835413575172424
0.27434056997299194
0.8817837238311768
0.1783761978149414
0.24768954515457153
0.6461297273635864
0.6119076013565063
0.8507141470909119
0.2694084644317627
0.7568444609642029
0.6256219148635864
0.8279881477355957
0.2458697259426117
0.5246613025665283
0.9810887575149536
1.1128982305526733
0.2874109745025635
0.19443410634994507
0.48453599214553833
0.2148023247718811
0.851091742515564
0.23437151312828064
0.22752518951892853
0.31397539377212524
0.24314385652542114
0.8218235969543457
0.20773689448833466
1.455601453781128
0.22111956775188446
0.5460255146026611
0.2137521654367447
1.164278268814087
0.1970929205417633
0.5377073287963867
0.25672370195388794
0.22505976259708405
0.2459433227777481
0.6711562871932983
0.23914271593093872
0.5297073125839233
0.20338472723960876
0.9264922142028809
0.5990617871284485
0.5761255025863647
0.24110110104084015
0.597657322883606
0.4300868511199951
0.6546759605407715
0.46363991498947144
0.2673804461956024
0.5396487712860107
0.21854376792907715
0.8846733570098877
0.5940988659858704
0.7803199291229248
0.638887345790863
0.5266611576080322
0.6325280666351318
0.27806413173675537
0.19408202171325684
0.5384449362754822
0.577256441116333
0.46142125129699707
0.22609813511371613
0.19392934441566467
0.5781389474868774
0.256943941116333
0.6067865490913391
0.6967872381210327
0.6212722659111023
0.5321394801139832
0.594468891620636
0.18533076345920563
0.6010055541992188
0.49913036823272705
0.20897206664085388
0.24798618257045746
0.2256513237953186
0.20730650424957275
0.21405574679374695
0.2738531827926636
0.22692814469337463
0.195261150598526
0.620360791683197
0.4682201147079468
0.9366236925125122
0.5487053394317627
0.2540985345840454
0.5640534162521362
0.2466859668493271
0.47751474380493164
0.6143022775650024
0.2334073930978775
1.2157421112060547
0.6286871433258057
0.22832347452640533
1.2352644205093384
0.22659465670585632
0.779226541519165
0.9159567356109619
0.631431519985199
0.710803210735321
0.5670990347862244
0.5223621129989624
0.5535164475440979
0.21716360747814178
0.870376467704773
0.6874675750732422
0.427373468875885
0.725617527961731
0.4341168999671936
0.306712806224823
0.28297531604766846
0.548109769821167
1.0065209865570068
0.7634656429290771
0.5112661123275757
0.2777670621871948
0.48885324597358704
0.22472673654556274
0.21581988036632538
0.23189936578273773
0.681888222694397
0.22551754117012024
0.8552725315093994
0.6235570311546326
0.4866562783718109
0.9531541466712952
0.26704567670822144
0.5724281668663025
0.8514602184295654
0.5512581467628479
0.5692379474639893
0.6436787843704224
0.821498692035675
0.3032383918762207
0.8202420473098755
0.5936252474784851
0.4421728253364563
0.49484163522720337
0.5612239837646484
0.4271126985549927
0.25716644525527954
0.24410872161388397
0.7239910960197449
0.3158424198627472
0.6136597990989685
1.1201252937316895
0.9761140942573547
0.5642726421356201
0.7963255643844604
0.22615820169448853
0.2152848094701767
0.282776415348053
0.5344489216804504
0.8337916135787964
0.7383951544761658
0.5243971943855286
0.6595399379730225
0.9741037487983704
1.0935059785842896
0.5556015968322754
0.5121060013771057
0.24115096032619476
0.47184786200523376
0.894111156463623
0.24175798892974854
0.19100956618785858
0.4157535433769226
0.8128721714019775
0.25787025690078735
0.6133100986480713
0.9977806806564331
0.2556595504283905
0.29629772901535034
0.526512861251831
0.6341519355773926
0.5252690315246582
0.5675934553146362
0.7473047375679016
0.38997942209243774
0.5904456377029419
0.3813830316066742
0.22642862796783447
0.5447016954421997
0.17586109042167664
0.305813193321228
0.6760038137435913
0.5697951316833496
0.4917386472225189
0.2056625485420227
0.21885694563388824
0.2560226321220398
0.45632943511009216
0.5978209376335144
0.6023204922676086
0.237871453166008
0.22150224447250366
0.8511749505996704
0.22446486353874207
0.34879326820373535
0.2006683647632599
0.7812604904174805
0.6196439266204834
1.0188281536102295
0.6612220406532288
0.23128901422023773
0.253054141998291
0.2622597813606262
0.39184990525245667
0.2540234923362732
1.08091139793396
0.42787298560142517
0.30634766817092896
0.6433306336402893
0.24327266216278076
0.2766498923301697
0.6682583093643188
0.24837833642959595
0.6454849243164062
0.2772868573665619
0.5885037183761597
0.5343559980392456
0.8729637861251831
0.2874155044555664
0.2726856768131256
0.5030466914176941
0.20250634849071503
0.665999174118042
0.2628110945224762
0.9030047059059143
0.31120628118515015
0.608134388923645
0.7113025784492493
0.9935166239738464
0.24992266297340393
1.099584698677063
0.24784928560256958
0.5707009434700012
0.421583890914917
0.5804376602172852
0.25642746686935425
0.2326798141002655
0.26024550199508667
0.6067934036254883
0.7763070464134216
0.6662853956222534
0.526811420917511
0.824356198310852
0.551165759563446
0.2930472493171692
0.31149688363075256
0.2028156965970993
0.25452128052711487
0.704260528087616
0.5116908550262451
0.547264575958252
0.5424654483795166
0.4863448441028595
0.22596004605293274
0.2878533899784088
0.6863031983375549
0.8360766172409058
0.2074863165616989
0.753448486328125
0.6887370944023132
0.8674912452697754
0.28885000944137573
0.5538859367370605
0.24126702547073364
0.8753785490989685
0.2575310468673706
0.18095646798610687
0.182611882686615
0.22074952721595764
0.9000535607337952
0.3037962019443512
0.7876571416854858
0.8324037790298462
0.29588818550109863
0.6471006870269775
0.24952320754528046
0.2211286723613739
0.6418271064758301
0.5844042301177979
0.5822774171829224
0.5256238579750061
0.5652397871017456
0.44374972581863403
0.6503416299819946
0.5788155794143677
0.25412148237228394
0.22475478053092957
0.17481735348701477
0.6035696268081665
0.665996253490448
0.21463991701602936
0.2205217480659485
1.187097191810608
0.6334846615791321
0.5840616822242737
0.579768180847168
0.4881395995616913
0.6127200722694397
0.6102809309959412
0.4226759076118469
0.8496171236038208
0.21177823841571808
0.40753817558288574
1.0368250608444214
0.4408082067966461
0.816062331199646
0.8404791355133057
0.2043270766735077
0.8514795899391174
0.5295997858047485
0.2774767577648163
0.4571092128753662
0.26838457584381104
0.2407406121492386
0.8147472143173218
0.2252638041973114
0.2451038509607315
0.6188004016876221
0.48791640996932983
0.29695552587509155
0.6014546751976013
0.5956225395202637
0.40211400389671326
0.583595871925354
0.23778590559959412
0.22565612196922302
0.2038857638835907
0.20888516306877136
0.594785213470459
0.4692613482475281
0.228643536567688
0.8857793211936951
0.27139636874198914
0.639143168926239
0.5978405475616455
0.49080920219421387
0.5029391646385193
1.039092779159546
0.49386727809906006
0.6093422770500183
0.2645239233970642
0.2151225507259369
0.21795862913131714
0.19441741704940796
0.4893030524253845
0.24968679249286652
0.24754926562309265
0.5454598069190979
0.6019184589385986
0.29229241609573364
0.24470673501491547
0.6134817004203796
0.2279299795627594
1.3339312076568604
0.251689076423645
0.2341112196445465
0.1994509994983673
0.15649211406707764
0.7224318981170654
0.43458256125450134
0.8323794603347778
0.17334890365600586
0.25517499446868896
0.5614635944366455
0.17369285225868225
0.7552978992462158
0.17613017559051514
0.5741468071937561
0.8587875366210938
0.9576619863510132
0.18266561627388
0.23979176580905914
0.16409802436828613
0.6492403149604797
0.46162599325180054
0.24779632687568665
0.6405820846557617
0.6460990905761719
0.21522176265716553
0.7878344058990479
0.692059338092804
0.22912688553333282
0.5675711035728455
0.5115302205085754
0.28495603799819946
0.5696542263031006
0.9406510591506958
0.2239888310432434
0.4276069700717926
0.5591428279876709
0.6133158206939697
0.22092628479003906
0.19670742750167847
0.4946819245815277
0.7807226181030273
0.17790859937667847
0.5817083120346069
0.7312309741973877
0.20649001002311707
1.3687212467193604
0.5662862062454224
0.6162274479866028
0.4593499004840851
0.505905270576477
0.4709882140159607
0.3439807891845703
0.260245680809021
0.23711803555488586
0.7528822422027588
0.17509318888187408
0.24487033486366272
0.20138587057590485
0.5365567207336426
0.5736706256866455
0.20054882764816284
0.3091554343700409
0.5994361042976379
0.4833698868751526
0.5078074932098389
0.6595522165298462
0.19886106252670288
0.5374463200569153
0.7629373073577881
0.2303893268108368
0.1862788051366806
0.500150740146637
0.1735462248325348
0.5686032772064209
0.674167275428772
0.23640702664852142
0.9306714534759521
0.6518440842628479
0.5287491083145142
0.9520703554153442
0.19926173985004425
0.5031781792640686
0.1943768858909607
0.6425744295120239
0.5251564383506775
0.20579104125499725
0.6267245411872864
0.9006924629211426
0.4166480302810669
0.269365519285202
0.8063448667526245
0.5847370028495789
0.5560951232910156
0.15175870060920715
0.16724976897239685
0.8449881672859192
0.5148199796676636
1.237044334411621
0.4005199372768402
0.6618340611457825
0.2310706377029419
0.46128588914871216
0.2167886644601822
0.60699063539505
0.2725847661495209
0.19596287608146667
0.23709756135940552
0.5769050121307373
0.2699885070323944
0.18950796127319336
0.45880401134490967
0.2189573347568512
0.2539075016975403
0.9122505187988281
0.485670268535614
0.15508444607257843
1.0038223266601562
0.236566424369812
0.5900514125823975
0.4785711169242859
0.21439823508262634
0.8083004951477051
0.20692254602909088
0.499922513961792
0.6786648631095886
0.40181592106819153
0.18809109926223755
0.2321091741323471
0.465945303440094
0.5620763301849365
1.3008887767791748
0.21686235070228577
0.641564667224884
0.24884983897209167
0.22140657901763916
0.771438717842102
0.24086757004261017
0.1541198492050171
1.4370039701461792
0.5406560897827148
0.6412252187728882
0.23320657014846802
0.23386424779891968
0.1917266845703125
0.2943488657474518
0.23504844307899475
0.45081213116645813
0.45329123735427856
0.5760275721549988
0.1767626404762268
0.45364516973495483
0.7264953851699829
0.20002415776252747
0.5789996385574341
0.5689168572425842
0.3064679503440857
0.24066491425037384
0.6289520263671875
0.2166304886341095
0.2764385938644409
0.768332839012146
0.5445652008056641
0.21106156706809998
0.29425013065338135
0.5553001165390015
0.4234239459037781
0.18060046434402466
0.1887018084526062
0.5050885081291199
0.9247545003890991
0.7126034498214722
0.9241355061531067
0.4896863102912903
0.5869371891021729
0.726137638092041
0.22937068343162537
0.4681796729564667
0.1973966360092163
0.28325772285461426
0.45198869705200195
0.4318194091320038
0.4946688711643219
0.37419649958610535
0.17184478044509888
0.19468601047992706
0.6996819376945496
0.49638089537620544
0.7487117052078247
0.9284580945968628
0.4933009147644043
0.9592591524124146
0.26643744111061096
0.15256989002227783
0.22600486874580383
0.4892405867576599
0.9998620748519897
0.49038082361221313
0.5879503488540649
0.14548884332180023
0.24128401279449463
0.3867359459400177
0.35281527042388916
0.5832738876342773
0.2247256636619568
0.8432068228721619
0.18822911381721497
0.27804988622665405
0.6243557929992676
0.3975368142127991
0.6113904714584351
0.7822771072387695
0.23399925231933594
0.44643765687942505
0.18792828917503357
0.23483245074748993
0.4672827124595642
0.17961470782756805
0.6006765365600586
0.5428017973899841
0.5683532953262329
0.6404528617858887
0.6071869134902954
0.5385668277740479
0.1889478862285614
0.19502510130405426
1.1453276872634888
0.4843894839286804
0.5281162858009338
0.16262215375900269
0.9434394836425781
0.20840497314929962
0.1651814877986908
0.7666985988616943
0.49732470512390137
0.5921006202697754
0.47899627685546875
0.9530462622642517
0.6869670748710632
0.2297726571559906
0.7985173463821411
0.1888205111026764
0.9385584592819214
0.31606918573379517
0.598483681678772
0.43637749552726746
0.5136178731918335
0.21959038078784943
0.807254433631897
0.6840421557426453
0.19485419988632202
0.7763738632202148
0.2925735116004944
0.23958401381969452
0.7293689250946045
0.2797550857067108
0.588786244392395
0.6039451360702515
0.2456791251897812
0.7001687288284302
0.499592661857605
0.19109226763248444
0.6002824306488037
0.5067021250724792
0.5490642189979553
0.26044023036956787
0.23241251707077026
0.27682194113731384
0.17705821990966797
0.1637915074825287
1.0101828575134277
0.7449532151222229
0.19333884119987488
0.5383344888687134
0.5214856266975403
0.2395315319299698
1.1062968969345093
0.1742190420627594
0.24580125510692596
0.7619519233703613
0.1955171376466751
0.6147277355194092
0.5546287298202515
0.2179023176431656
1.205984115600586
0.3340500593185425
0.3599035143852234
0.4989548325538635
0.2947435975074768
0.27911266684532166
0.4714182913303375
0.1863071322441101
0.23060299456119537
0.6799049377441406
0.23693446815013885
0.6921213865280151
0.2770869731903076
0.2441909909248352
0.38309338688850403
0.6195627450942993
0.21747703850269318
0.23942716419696808
1.134084701538086
0.5438297390937805
0.6816734075546265
0.23425225913524628
0.2573443353176117
0.21823638677597046
0.4276479482650757
0.40861472487449646
0.6086553335189819
0.44448742270469666
0.4851880967617035
0.29550808668136597
0.5525296926498413
0.5301113128662109
0.6645070910453796
0.2608383297920227
0.20787346363067627
0.6783806085586548
0.8761096000671387
0.1467519849538803
0.651222825050354
0.26171377301216125
0.1451934576034546
1.1852573156356812
1.0643622875213623
0.761023759841919
0.19366317987442017
0.14765962958335876
0.9285407662391663
0.4480329751968384
0.1659080982208252
0.15482164919376373
0.5896876454353333
0.7905758619308472
0.4845350682735443
0.2966855764389038
0.6172410249710083
0.28756245970726013
0.5823023319244385
0.23527094721794128
0.649686872959137
0.13319507241249084
0.7633636593818665
0.45679476857185364
0.2437097430229187
0.6111670732498169
0.662166953086853
0.1579844057559967
0.6173170208930969
0.5367623567581177
0.19957253336906433
0.4939339756965637
0.21611227095127106
0.6758183240890503
0.6505491733551025
0.1638643741607666
1.0214834213256836
0.6165387630462646
0.9224798679351807
0.31867122650146484
0.5765882134437561
0.569962739944458
0.49028709530830383
0.5713344812393188
1.0584611892700195
0.5474823117256165
0.15236511826515198
0.3285468816757202
0.25322383642196655
0.6589272022247314
0.5454085469245911
0.5249032974243164
0.5780404806137085
0.2776094973087311
0.2847100794315338
0.420525461435318
0.5501105189323425
0.4198421537876129
0.474455326795578
0.851646900177002
0.5939192175865173
0.18030092120170593
0.2970583736896515
0.7212781310081482
0.5750671625137329
0.24057111144065857
0.4389665126800537
0.21526983380317688
0.18623235821723938
0.194578155875206
0.8413865566253662
0.7196597456932068
0.4997645616531372
0.5577033758163452
0.4550739526748657
0.17600205540657043
0.42338696122169495
0.7308891415596008
0.7196475267410278
0.7388325929641724
0.1479721963405609
0.7757645845413208
0.6574547290802002
0.6377695798873901
0.48898792266845703
0.5280054807662964
0.4520248770713806
1.0439064502716064
0.43312281370162964
0.27168166637420654
0.6361570954322815
0.9674815535545349
0.642244279384613
0.2387220710515976
0.28936558961868286
0.42224544286727905
0.7718421816825867
0.7620876431465149
0.2815377116203308
0.24841690063476562
0.1690419316291809
0.972978949546814
0.6931663155555725
0.7000298500061035
0.4049375057220459
0.6858557462692261
1.1160143613815308
0.2025756537914276
0.44501304626464844
0.18316057324409485
0.260480672121048
0.9740502834320068
1.172734022140503
1.046673059463501
0.1731848120689392
1.3137702941894531
0.19615551829338074
0.6569996476173401
0.48083823919296265
0.3239913582801819
0.207925945520401
0.5316519737243652
0.620290219783783
0.8366779685020447
0.811721920967102
0.6198503375053406
1.0312871932983398
0.7244843244552612
0.4596664309501648
0.16126103699207306
0.39511778950691223
0.23876918852329254
0.6565729379653931
0.2063564658164978
0.512401819229126
0.7150669097900391
0.4393298625946045
0.8463186025619507
0.8122847676277161
0.9892938137054443
0.6325258016586304
0.22610169649124146
0.431776762008667
0.24199163913726807
0.6970842480659485
0.6156262159347534
0.3046998977661133
0.39154016971588135
0.5692776441574097
0.2653384804725647
0.4724521040916443
0.3997677266597748
0.556630551815033
0.22296816110610962
0.7163744568824768
0.21994474530220032
0.25647759437561035
0.34094515442848206
0.3621322810649872
0.4565804898738861
0.6545249819755554
0.5270559787750244
0.6542619466781616
0.6647506356239319
0.7144467830657959
0.4285167157649994
0.18591782450675964
0.21497026085853577
0.21732397377490997
0.901323676109314
0.24479226768016815
0.5335862040519714
0.8068592548370361
0.27837735414505005
0.46103426814079285
0.7962793111801147
0.2675740122795105
0.6134482622146606
0.7301616072654724
0.6172335147857666
0.2938818335533142
0.669939398765564
0.27188676595687866
0.6543234586715698
0.2125166803598404
0.4278198480606079
1.0026767253875732
0.9818583130836487
0.3329034447669983
0.8007336258888245
0.2425253689289093
0.1988953948020935
0.24284982681274414
1.002483606338501
0.21398231387138367
0.9143089056015015
0.5808058381080627
0.7134033441543579
0.2704854905605316
0.2934051752090454
0.539063572883606
0.2684301733970642
0.9039758443832397
0.6821247935295105
0.49955207109451294
0.7093095779418945
0.9235485792160034
0.4706501364707947
0.28259071707725525
0.20084929466247559
0.7033828496932983
0.2800150513648987
0.2443927526473999
1.2144052982330322
0.5930588245391846
0.6176532506942749
0.241251140832901
0.2752249240875244
0.48325371742248535
0.32668882608413696
0.6451233625411987
0.2136618047952652
0.20863866806030273
0.5737437605857849
0.746810257434845
0.44997742772102356
0.4126518666744232
0.28826260566711426
0.4933232069015503
0.2222154289484024
0.278219074010849
0.588829755783081
0.2171802967786789
0.46547478437423706
0.2961916923522949
0.6701467633247375
0.1990809291601181
0.6082464456558228
1.0854904651641846
0.48736435174942017
0.5005509853363037
0.2902340292930603
0.255281925201416
0.6319377422332764
0.24357666075229645
0.2549089789390564
0.18690454959869385
0.8636760711669922
0.17250606417655945
0.6118147373199463
0.501178503036499
0.7186603546142578
0.18414151668548584
0.8528141975402832
0.5188295841217041
0.5172858834266663
0.605781078338623
0.23710541427135468
0.4440743327140808
0.3090881109237671
0.5868500471115112
0.2596781253814697
0.49331188201904297
0.7287261486053467
0.6209733486175537
0.2064829021692276
0.8342229127883911
0.21290062367916107
0.26046454906463623
0.5549514293670654
0.4328385889530182
0.6461763381958008
0.3286242187023163
0.539922833442688
0.264892041683197
0.22844219207763672
0.8728010654449463
0.17025581002235413
0.23910875618457794
0.273325115442276
0.19720196723937988
0.4051506519317627
0.28414130210876465
0.28222593665122986
0.5306165218353271
0.510899543762207
0.20612330734729767
0.6326332688331604
0.6003715395927429
0.6079189777374268
0.7194207906723022
0.602899968624115
0.36893555521965027
0.7158641219139099
0.6554009914398193
0.17258292436599731
0.5018476247787476
0.2369762361049652
0.637873113155365
0.2444497048854828
0.20879153907299042
0.20235081017017365
0.5333298444747925
0.6345077157020569
0.46575814485549927
0.6529663801193237
0.4127572178840637
0.4497928321361542
0.6804764270782471
0.7149394154548645
0.5560204386711121
0.20983681082725525
0.18994639813899994
0.1998862326145172
0.2325524538755417
0.8711206316947937
1.318771481513977
0.5214560031890869
0.2548779845237732
0.6919294595718384
0.5132838487625122
0.5548670291900635
0.42493629455566406
0.25086709856987
1.0105772018432617
0.9881008267402649
0.558434009552002
0.5035439729690552
0.9099680781364441
0.1899767369031906
1.1875660419464111
0.209575816988945
0.4923570156097412
0.6027318835258484
0.2415056675672531
0.9848960638046265
0.7557759881019592
0.14339952170848846
1.2816123962402344
0.23418402671813965
0.549759566783905
0.2815423309803009
0.23069074749946594
0.5407912731170654
0.4934416711330414
0.2963363528251648
0.2615204155445099
1.2180378437042236
1.0220738649368286
0.8335309028625488
0.26858997344970703
0.5326852202415466
0.42404085397720337
0.19010686874389648
0.4615594744682312
0.1570085734128952
0.25633704662323
0.5290857553482056
0.5162081718444824
0.8647975921630859
0.6500250101089478
0.6212576031684875
0.17800967395305634
0.5667535662651062
0.4551222622394562
0.47611063718795776
0.4576883912086487
0.9923185706138611
0.6977681517601013
0.3924020528793335
0.8191407322883606
0.2098149061203003
0.8543962240219116
0.530780553817749
0.24006104469299316
0.4068997800350189
0.5584176182746887
0.6792008876800537
0.2135731726884842
0.7789351940155029
0.4821001887321472
0.6539483666419983
0.619317889213562
0.19770678877830505
0.24442334473133087
0.26292070746421814
0.517184853553772
0.16261205077171326
0.4908626079559326
0.31475287675857544
0.4985868036746979
0.26855969429016113
0.21805107593536377
1.0912692546844482
0.4554094672203064
0.888146162033081
0.18042825162410736
0.28335779905319214
0.4791600704193115
0.3516010046005249
0.870491623878479
0.3086259961128235
0.21631501615047455
0.43288514018058777
0.2408652901649475
0.51798015832901
0.9604955315589905
0.6478577852249146
0.3765360116958618
0.265514612197876
0.24618318676948547
0.5113629102706909
0.5479363203048706
0.8818039894104004
0.3988044857978821
0.6021235585212708
0.4860270917415619
0.6626818776130676
0.6353583335876465
0.28787505626678467
0.32707512378692627
0.4489085078239441
0.19782687723636627
0.7497377395629883
0.48143473267555237
0.19604632258415222
0.2609102129936218
0.6140930652618408
0.24638523161411285
0.16884927451610565
0.3128250241279602
0.2850486636161804
0.24976222217082977
0.6468299031257629
0.22581493854522705
0.6425472497940063
0.6692183017730713
0.251784086227417
0.40448296070098877
0.20046600699424744
0.1345452070236206
0.17973145842552185
0.6544622182846069
0.9562461972236633
0.9543282389640808
0.6196308135986328
0.20874854922294617
0.17748922109603882
0.21864131093025208
0.20308490097522736
0.20828692615032196
0.9309694170951843
0.20929032564163208
0.1966336965560913
0.5396038293838501
0.5104193687438965
0.5265227556228638
0.20024773478507996
0.5300109386444092
0.6835038065910339
0.667975902557373
0.29192572832107544
0.21886935830116272
0.43260514736175537
0.17007607221603394
0.6538949012756348
0.4822683334350586
0.22248153388500214
0.20112492144107819
0.6314904689788818
0.5884791612625122
0.22758445143699646
1.16678786277771
0.7219668626785278
0.7488197684288025
0.24905169010162354
0.5019536018371582
0.4383354187011719
0.7962533235549927
0.18436267971992493
0.17904366552829742
0.18755322694778442
0.46989378333091736
0.721570611000061
0.7971358299255371
0.5180744528770447
0.17613576352596283
0.13475140929222107
0.3105676770210266
0.18609321117401123
0.4813494384288788
0.5135342478752136
0.23971372842788696
0.22817526757717133
0.42395448684692383
0.6893746256828308
0.3939710855484009
1.1829228401184082
0.2681578993797302
0.1336083561182022
0.8665467500686646
0.5529229044914246
0.454478919506073
0.6563036441802979
0.6684106588363647
0.1860188990831375
1.0599793195724487
0.5965965390205383
1.2595739364624023
0.5969740152359009
0.4068930745124817
0.15952521562576294
0.6811671257019043
0.14431197941303253
0.1845170110464096
0.6311097741127014
0.20507918298244476
0.3991597890853882
0.1801113784313202
0.6257907152175903
0.48158007860183716
0.21486668288707733
0.9805081486701965
1.3613522052764893
0.6448880434036255
0.14499032497406006
0.8542423248291016
0.22529439628124237
0.1633155345916748
1.0551254749298096
0.6458362936973572
0.5253996849060059
0.9510498046875
0.48861002922058105
0.457839697599411
0.21922025084495544
0.23392252624034882
0.2645987868309021
0.1892075091600418
0.20830558240413666
0.4609222412109375
0.25281551480293274
0.5465166568756104
0.48807936906814575
0.49899962544441223
0.8453858494758606
0.24610212445259094
0.29811161756515503
0.2790120244026184
0.1657046377658844
0.49751830101013184
0.18875256180763245
0.9809843301773071
0.5242301225662231
0.6267626285552979
0.5049970149993896
0.4911368191242218
0.39622655510902405
0.422521710395813
0.44959840178489685
0.17419865727424622
0.7046069502830505
1.044036626815796
0.5286918878555298
0.18239520490169525
0.22622081637382507
0.8079839944839478
0.1197923868894577
0.19340339303016663
0.9333809018135071
0.615580677986145
0.2761981189250946
0.5283721089363098
0.18249866366386414
0.49382686614990234
0.8828607797622681
0.20841282606124878
0.6023014783859253
0.27497702836990356
0.2524266839027405
1.3440618515014648
0.2153727263212204
0.6552419066429138
0.47889620065689087
0.5504521727561951
0.18596357107162476
0.49196332693099976
0.2725687026977539
0.9467300772666931
0.6381683945655823
0.5966355204582214
0.9013576507568359
0.6093915700912476
0.7206767797470093
0.640598714351654
0.5172443389892578
0.27116867899894714
0.28313785791397095
0.22039104998111725
0.5545506477355957
0.294769823551178
0.6053981184959412
0.8700655102729797
0.19457995891571045
0.5201637148857117
0.6526765823364258
0.18736115097999573
0.4307785928249359
0.20844735205173492
0.7723572850227356
0.23552677035331726
0.15148195624351501
0.6851431131362915
1.0416690111160278
0.8491641879081726
0.18816348910331726
0.15088245272636414
0.315751850605011
0.5133049488067627
0.7540820837020874
0.21720059216022491
0.7768087387084961
0.5447179675102234
0.4865851402282715
0.6214799880981445
0.8845565319061279
0.46407055854797363
0.25247812271118164
0.6974954009056091
0.17957046627998352
0.1629432588815689
0.9380680322647095
0.6380459070205688
0.674139142036438
0.2406441867351532
0.30844080448150635
0.23783165216445923
0.5742247104644775
0.9134191274642944
0.9550085663795471
0.6808658838272095
0.2901521623134613
0.49077701568603516
0.4468410015106201
0.4585404396057129
1.1001181602478027
0.5760912895202637
0.4727463722229004
0.8885877132415771
0.47373709082603455
0.3022693991661072
0.49015289545059204
0.6104811429977417
0.22421027719974518
0.675816535949707
0.14081940054893494
0.13568462431430817
0.2231178879737854
0.9367873668670654
0.5021794438362122
0.2762763500213623
0.6695810556411743
0.8718323111534119
0.42234718799591064
0.24431690573692322
1.4185160398483276
0.44213464856147766
0.39465364813804626
0.4676455855369568
0.1735232174396515
0.8415656089782715
0.26565366983413696
0.1754133105278015
0.7211798429489136
0.7447786927223206
0.8837191462516785
0.43578118085861206
0.28761374950408936
0.24418886005878448
0.28711968660354614
0.502814531326294
0.5326838493347168
0.5121374130249023
0.7875220775604248
0.26361310482025146
0.27316775918006897
0.7981195449829102
0.6455960869789124
0.44397807121276855
0.1800910234451294
0.5947299599647522
0.24089926481246948
0.2880094647407532
0.21636861562728882
0.47295376658439636
0.28511524200439453
0.5471568703651428
0.44641759991645813
0.7186313271522522
0.5387351512908936
0.27933403849601746
0.6673360466957092
0.7297471761703491
0.547703742980957
0.27172473073005676
0.4658309519290924
0.23306581377983093
0.550858736038208
0.46944665908813477
0.4624372124671936
0.21663299202919006
0.5267243385314941
0.2624273896217346
0.7905148267745972
0.22129347920417786
0.20804262161254883
0.21980711817741394
0.9774588346481323
0.603005051612854
0.6986510157585144
0.16005735099315643
0.22475984692573547
0.5707511305809021
0.5698702335357666
1.0070310831069946
0.73065185546875
0.2522045373916626
0.6519702672958374
0.19266827404499054
0.9403448104858398
1.0803484916687012
0.18153682351112366
0.6217676401138306
0.7319422960281372
0.9947924017906189
0.4345250427722931
0.7052061557769775
0.2718202769756317
1.1279895305633545
0.6441176533699036
0.49426087737083435
0.4482840895652771
1.0469214916229248
0.23103569447994232
0.4489597678184509
0.25635993480682373
1.1248326301574707
0.32303357124328613
0.5444144010543823
0.3240962028503418
0.4936819076538086
0.4680962562561035
0.2932431697845459
0.6352548003196716
0.6197383403778076
0.3345327377319336
0.2819496989250183
0.5618098378181458
0.1951044797897339
0.7396165728569031
0.23828083276748657
0.3936023414134979
0.8104947805404663
0.1826801747083664
0.24786782264709473
0.26866018772125244
0.17998060584068298
0.47726383805274963
0.2529945969581604
0.17713110148906708
0.28009864687919617
0.22245672345161438
1.0316359996795654
0.15405282378196716
0.17371675372123718
0.5690194964408875
1.0705815553665161
0.48729658126831055
1.1094743013381958
0.2369188666343689
0.4837281107902527
0.6916723251342773
1.2660530805587769
0.20545394718647003
0.6846102476119995
0.6928301453590393
0.8008993864059448
0.671973705291748
0.2689113914966583
0.2386464774608612
0.18265336751937866
0.18454226851463318
0.48312807083129883
1.1600884199142456
0.2718501389026642
0.28526490926742554
0.5384505391120911
0.25095874071121216
0.20568624138832092
0.28533902764320374
0.6575570106506348
0.27622467279434204
0.14217638969421387
0.8627890348434448
0.47978898882865906
0.22277797758579254
0.16991645097732544
0.21367734670639038
0.23084893822669983
0.20759429037570953
0.6673084497451782
0.23937392234802246
0.509941816329956
0.6948181390762329
0.5149717926979065
0.865860641002655
0.4051516056060791
0.28822988271713257
0.24654968082904816
0.7760035991668701
0.5715018510818481
0.2687198519706726
0.636955976486206
0.4787524342536926
0.2634686827659607
0.49137693643569946
0.7052576541900635
0.8468620181083679
0.16171957552433014
0.5138247013092041
0.7203904390335083
0.5916693210601807
0.2482142448425293
0.8953088521957397
0.21703645586967468
0.29481521248817444
0.2589413523674011
0.5626542568206787
0.2872810959815979
0.5175084471702576
0.19574248790740967
0.7132603526115417
0.744359016418457
0.7101796865463257
0.5976186394691467
0.37654680013656616
0.30869007110595703
0.500927209854126
0.15721848607063293
0.7618900537490845
0.2672412395477295
0.21778014302253723
0.1962442696094513
0.3921149969100952
0.6802225112915039
0.16233041882514954
0.24402602016925812
0.47260183095932007
0.3185085952281952
0.17674487829208374
0.14833569526672363
0.18858763575553894
0.5455275774002075
0.8218905925750732
0.2731259763240814
0.17593535780906677
0.8816734552383423
0.2102755457162857
0.7145372033119202
0.6270325779914856
0.6301993131637573
1.2823786735534668
0.7482008934020996
0.5352052450180054
0.5183050036430359
0.488776296377182
0.172173410654068
0.7302361726760864
0.2788638472557068
0.24957846105098724
0.7767421007156372
0.19830165803432465
0.23418869078159332
0.6156087517738342
0.6148496866226196
0.5590006113052368
0.6901681423187256
0.24636849761009216
0.16162827610969543
0.43451225757598877
0.545691967010498
0.23001384735107422
0.4512247145175934
0.4099007248878479
0.17235419154167175
0.6012817621231079
0.5536544322967529
0.1996997594833374
0.22206325829029083
0.7117977142333984
0.3177068829536438
0.2702963352203369
0.17740637063980103
0.985396683216095
0.43633344769477844
0.22532793879508972
0.22028082609176636
0.12844455242156982
0.17493443191051483
0.24129219353199005
0.7175481915473938
0.23372496664524078
0.25425517559051514
0.27556249499320984
0.20952129364013672
0.743330717086792
0.21114690601825714
1.2103681564331055
0.25298362970352173
0.4875812828540802
0.5977499485015869
0.16922587156295776
0.6699634790420532
0.46140584349632263
0.26452144980430603
0.48640578985214233
0.18170665204524994
0.4335639178752899
0.5857320427894592
0.16907042264938354
0.7738968133926392
0.6698267459869385
0.600540280342102
0.20590172708034515
0.21441377699375153
0.47256097197532654
0.13779310882091522
0.11568406969308853
0.21267670392990112
0.6337681412696838
0.6184675693511963
0.6799911260604858
0.6799881458282471
0.1767139732837677
0.6271030902862549
0.21267569065093994
0.17117366194725037
0.7133551239967346
0.622086226940155
0.8645655512809753
0.14857885241508484
0.8212469816207886
0.786528468132019
0.5147478580474854
0.9372113943099976
0.6938221454620361
0.5726656913757324
0.2819444537162781
0.7007962465286255
0.2097526341676712
0.7311486005783081
0.17309024930000305
0.7335278987884521
0.7969716787338257
0.19217002391815186
0.6064727902412415
0.2671457529067993
0.19267259538173676
0.2621687054634094
0.18399223685264587
0.14960598945617676
0.5925753712654114
0.6286527514457703
0.9256137609481812
0.1726168394088745
0.5144667625427246
0.2555077075958252
0.9212749600410461
0.5684236288070679
0.32166633009910583
0.7398008108139038
0.7312531471252441
0.7297804355621338
0.9142371416091919
0.23803827166557312
0.7295074462890625
0.19936871528625488
0.5200494527816772
0.200170636177063
1.0089205503463745
1.0333508253097534
1.0757830142974854
0.7648866176605225
0.19463558495044708